ID	PositionX	PositionY	PositionZ	ParticleType	VelocityX	VelocityY	VelocityZ	MaterialType	ContactGroup	SurfaceFlag	RVectorXX	RVectorXY	RVectorXZ	RVectorYX	RVectorYY	RVectorYZ	RVectorZX	RVectorZY	RVectorZZ
1 -0.49	-0.49	0.0	2	28.284271247461902	28.284271247461902	0.0	0	0	2	0.01	0	0	0	0.01	0	0	0	0.021739130434782608
2 -0.49	-0.47	0.0	2	28.284271247461902	28.284271247461902	0.0	0	0	2	0.01	0	0	0	0.01	0	0	0	0.021739130434782608
3 -0.49	-0.45	0.0	2	28.284271247461902	28.284271247461902	0.0	0	0	2	0.01	0	0	0	0.01	0	0	0	0.021739130434782608
4 -0.49	-0.43	0.0	2	28.284271247461902	28.284271247461902	0.0	0	0	2	0.01	0	0	0	0.01	0	0	0	0.021739130434782608
5 -0.49	-0.41000000000000003	0.0	2	28.284271247461902	28.284271247461902	0.0	0	0	2	0.01	0	0	0	0.01	0	0	0	0.021739130434782608
6 -0.49	-0.39	0.0	2	28.284271247461902	28.284271247461902	0.0	0	0	2	0.01	0	0	0	0.01	0	0	0	0.021739130434782608
7 -0.49	-0.37	0.0	2	28.284271247461902	28.284271247461902	0.0	0	0	2	0.01	0	0	0	0.01	0	0	0	0.021739130434782608
8 -0.49	-0.35	0.0	2	28.284271247461902	28.284271247461902	0.0	0	0	2	0.01	0	0	0	0.01	0	0	0	0.021739130434782608
9 -0.49	-0.32999999999999996	0.0	2	28.284271247461902	28.284271247461902	0.0	0	0	2	0.01	0	0	0	0.01	0	0	0	0.021739130434782608
10 -0.49	-0.31	0.0	2	28.284271247461902	28.284271247461902	0.0	0	0	2	0.01	0	0	0	0.01	0	0	0	0.021739130434782608
11 -0.49	-0.29000000000000004	0.0	2	28.284271247461902	28.284271247461902	0.0	0	0	2	0.01	0	0	0	0.01	0	0	0	0.021739130434782608
12 -0.49	-0.27	0.0	2	28.284271247461902	28.284271247461902	0.0	0	0	2	0.01	0	0	0	0.01	0	0	0	0.021739130434782608
13 -0.47	-0.49	0.0	2	28.284271247461902	28.284271247461902	0.0	0	0	2	0.01	0	0	0	0.01	0	0	0	0.021739130434782608
14 -0.47	-0.47	0.0	2	28.284271247461902	28.284271247461902	0.0	0	0	2	0.01	0	0	0	0.01	0	0	0	0.021739130434782608
15 -0.47	-0.45	0.0	2	28.284271247461902	28.284271247461902	0.0	0	0	2	0.01	0	0	0	0.01	0	0	0	0.021739130434782608
16 -0.47	-0.43	0.0	2	28.284271247461902	28.284271247461902	0.0	0	0	2	0.01	0	0	0	0.01	0	0	0	0.021739130434782608
17 -0.47	-0.41000000000000003	0.0	2	28.284271247461902	28.284271247461902	0.0	0	0	2	0.01	0	0	0	0.01	0	0	0	0.021739130434782608
18 -0.47	-0.39	0.0	2	28.284271247461902	28.284271247461902	0.0	0	0	2	0.01	0	0	0	0.01	0	0	0	0.021739130434782608
19 -0.47	-0.37	0.0	2	28.284271247461902	28.284271247461902	0.0	0	0	2	0.01	0	0	0	0.01	0	0	0	0.021739130434782608
20 -0.47	-0.35	0.0	2	28.284271247461902	28.284271247461902	0.0	0	0	2	0.01	0	0	0	0.01	0	0	0	0.021739130434782608
21 -0.47	-0.32999999999999996	0.0	2	28.284271247461902	28.284271247461902	0.0	0	0	2	0.01	0	0	0	0.01	0	0	0	0.021739130434782608
22 -0.47	-0.31	0.0	2	28.284271247461902	28.284271247461902	0.0	0	0	2	0.01	0	0	0	0.01	0	0	0	0.021739130434782608
23 -0.47	-0.29000000000000004	0.0	2	28.284271247461902	28.284271247461902	0.0	0	0	2	0.01	0	0	0	0.01	0	0	0	0.021739130434782608
24 -0.47	-0.27	0.0	2	28.284271247461902	28.284271247461902	0.0	0	0	2	0.01	0	0	0	0.01	0	0	0	0.021739130434782608
25 -0.45	-0.49	0.0	2	28.284271247461902	28.284271247461902	0.0	0	0	2	0.01	0	0	0	0.01	0	0	0	0.021739130434782608
26 -0.45	-0.47	0.0	2	28.284271247461902	28.284271247461902	0.0	0	0	2	0.01	0	0	0	0.01	0	0	0	0.021739130434782608
27 -0.45	-0.45	0.0	2	28.284271247461902	28.284271247461902	0.0	0	0	2	0.01	0	0	0	0.01	0	0	0	0.021739130434782608
28 -0.45	-0.43	0.0	2	28.284271247461902	28.284271247461902	0.0	0	0	2	0.01	0	0	0	0.01	0	0	0	0.021739130434782608
29 -0.45	-0.41000000000000003	0.0	2	28.284271247461902	28.284271247461902	0.0	0	0	2	0.01	0	0	0	0.01	0	0	0	0.021739130434782608
30 -0.45	-0.39	0.0	2	28.284271247461902	28.284271247461902	0.0	0	0	2	0.01	0	0	0	0.01	0	0	0	0.021739130434782608
31 -0.45	-0.37	0.0	2	28.284271247461902	28.284271247461902	0.0	0	0	2	0.01	0	0	0	0.01	0	0	0	0.021739130434782608
32 -0.45	-0.35	0.0	2	28.284271247461902	28.284271247461902	0.0	0	0	2	0.01	0	0	0	0.01	0	0	0	0.021739130434782608
33 -0.45	-0.32999999999999996	0.0	2	28.284271247461902	28.284271247461902	0.0	0	0	2	0.01	0	0	0	0.01	0	0	0	0.021739130434782608
34 -0.45	-0.31	0.0	2	28.284271247461902	28.284271247461902	0.0	0	0	2	0.01	0	0	0	0.01	0	0	0	0.021739130434782608
35 -0.45	-0.29000000000000004	0.0	2	28.284271247461902	28.284271247461902	0.0	0	0	2	0.01	0	0	0	0.01	0	0	0	0.021739130434782608
36 -0.45	-0.27	0.0	2	28.284271247461902	28.284271247461902	0.0	0	0	2	0.01	0	0	0	0.01	0	0	0	0.021739130434782608
37 -0.43	-0.49	0.0	2	28.284271247461902	28.284271247461902	0.0	0	0	2	0.01	0	0	0	0.01	0	0	0	0.021739130434782608
38 -0.43	-0.47	0.0	2	28.284271247461902	28.284271247461902	0.0	0	0	2	0.01	0	0	0	0.01	0	0	0	0.021739130434782608
39 -0.43	-0.45	0.0	2	28.284271247461902	28.284271247461902	0.0	0	0	2	0.01	0	0	0	0.01	0	0	0	0.021739130434782608
40 -0.43	-0.43	0.0	2	28.284271247461902	28.284271247461902	0.0	0	0	2	0.01	0	0	0	0.01	0	0	0	0.021739130434782608
41 -0.43	-0.41000000000000003	0.0	2	28.284271247461902	28.284271247461902	0.0	0	0	2	0.01	0	0	0	0.01	0	0	0	0.021739130434782608
42 -0.43	-0.39	0.0	2	28.284271247461902	28.284271247461902	0.0	0	0	2	0.01	0	0	0	0.01	0	0	0	0.021739130434782608
43 -0.43	-0.37	0.0	2	28.284271247461902	28.284271247461902	0.0	0	0	2	0.01	0	0	0	0.01	0	0	0	0.021739130434782608
44 -0.43	-0.35	0.0	2	28.284271247461902	28.284271247461902	0.0	0	0	2	0.01	0	0	0	0.01	0	0	0	0.021739130434782608
45 -0.43	-0.32999999999999996	0.0	2	28.284271247461902	28.284271247461902	0.0	0	0	2	0.01	0	0	0	0.01	0	0	0	0.021739130434782608
46 -0.43	-0.31	0.0	2	28.284271247461902	28.284271247461902	0.0	0	0	2	0.01	0	0	0	0.01	0	0	0	0.021739130434782608
47 -0.43	-0.29000000000000004	0.0	2	28.284271247461902	28.284271247461902	0.0	0	0	2	0.01	0	0	0	0.01	0	0	0	0.021739130434782608
48 -0.43	-0.27	0.0	2	28.284271247461902	28.284271247461902	0.0	0	0	2	0.01	0	0	0	0.01	0	0	0	0.021739130434782608
49 -0.41000000000000003	-0.49	0.0	2	28.284271247461902	28.284271247461902	0.0	0	0	2	0.01	0	0	0	0.01	0	0	0	0.021739130434782608
50 -0.41000000000000003	-0.47	0.0	2	28.284271247461902	28.284271247461902	0.0	0	0	2	0.01	0	0	0	0.01	0	0	0	0.021739130434782608
51 -0.41000000000000003	-0.45	0.0	2	28.284271247461902	28.284271247461902	0.0	0	0	2	0.01	0	0	0	0.01	0	0	0	0.021739130434782608
52 -0.41000000000000003	-0.43	0.0	2	28.284271247461902	28.284271247461902	0.0	0	0	2	0.01	0	0	0	0.01	0	0	0	0.021739130434782608
53 -0.41000000000000003	-0.41000000000000003	0.0	2	28.284271247461902	28.284271247461902	0.0	0	0	2	0.01	0	0	0	0.01	0	0	0	0.021739130434782608
54 -0.41000000000000003	-0.39	0.0	2	28.284271247461902	28.284271247461902	0.0	0	0	2	0.01	0	0	0	0.01	0	0	0	0.021739130434782608
55 -0.41000000000000003	-0.37	0.0	2	28.284271247461902	28.284271247461902	0.0	0	0	2	0.01	0	0	0	0.01	0	0	0	0.021739130434782608
56 -0.41000000000000003	-0.35	0.0	2	28.284271247461902	28.284271247461902	0.0	0	0	2	0.01	0	0	0	0.01	0	0	0	0.021739130434782608
57 -0.41000000000000003	-0.32999999999999996	0.0	2	28.284271247461902	28.284271247461902	0.0	0	0	2	0.01	0	0	0	0.01	0	0	0	0.021739130434782608
58 -0.41000000000000003	-0.31	0.0	2	28.284271247461902	28.284271247461902	0.0	0	0	2	0.01	0	0	0	0.01	0	0	0	0.021739130434782608
59 -0.41000000000000003	-0.29000000000000004	0.0	2	28.284271247461902	28.284271247461902	0.0	0	0	2	0.01	0	0	0	0.01	0	0	0	0.021739130434782608
60 -0.41000000000000003	-0.27	0.0	2	28.284271247461902	28.284271247461902	0.0	0	0	2	0.01	0	0	0	0.01	0	0	0	0.021739130434782608
61 -0.39	-0.49	0.0	2	28.284271247461902	28.284271247461902	0.0	0	0	2	0.01	0	0	0	0.01	0	0	0	0.021739130434782608
62 -0.39	-0.47	0.0	2	28.284271247461902	28.284271247461902	0.0	0	0	2	0.01	0	0	0	0.01	0	0	0	0.021739130434782608
63 -0.39	-0.45	0.0	2	28.284271247461902	28.284271247461902	0.0	0	0	2	0.01	0	0	0	0.01	0	0	0	0.021739130434782608
64 -0.39	-0.43	0.0	2	28.284271247461902	28.284271247461902	0.0	0	0	2	0.01	0	0	0	0.01	0	0	0	0.021739130434782608
65 -0.39	-0.41000000000000003	0.0	2	28.284271247461902	28.284271247461902	0.0	0	0	2	0.01	0	0	0	0.01	0	0	0	0.021739130434782608
66 -0.39	-0.39	0.0	2	28.284271247461902	28.284271247461902	0.0	0	0	2	0.01	0	0	0	0.01	0	0	0	0.021739130434782608
67 -0.39	-0.37	0.0	2	28.284271247461902	28.284271247461902	0.0	0	0	2	0.01	0	0	0	0.01	0	0	0	0.021739130434782608
68 -0.39	-0.35	0.0	2	28.284271247461902	28.284271247461902	0.0	0	0	2	0.01	0	0	0	0.01	0	0	0	0.021739130434782608
69 -0.39	-0.32999999999999996	0.0	2	28.284271247461902	28.284271247461902	0.0	0	0	2	0.01	0	0	0	0.01	0	0	0	0.021739130434782608
70 -0.39	-0.31	0.0	2	28.284271247461902	28.284271247461902	0.0	0	0	2	0.01	0	0	0	0.01	0	0	0	0.021739130434782608
71 -0.39	-0.29000000000000004	0.0	2	28.284271247461902	28.284271247461902	0.0	0	0	2	0.01	0	0	0	0.01	0	0	0	0.021739130434782608
72 -0.39	-0.27	0.0	2	28.284271247461902	28.284271247461902	0.0	0	0	2	0.01	0	0	0	0.01	0	0	0	0.021739130434782608
73 -0.37	-0.49	0.0	2	28.284271247461902	28.284271247461902	0.0	0	0	2	0.01	0	0	0	0.01	0	0	0	0.021739130434782608
74 -0.37	-0.47	0.0	2	28.284271247461902	28.284271247461902	0.0	0	0	2	0.01	0	0	0	0.01	0	0	0	0.021739130434782608
75 -0.37	-0.45	0.0	2	28.284271247461902	28.284271247461902	0.0	0	0	2	0.01	0	0	0	0.01	0	0	0	0.021739130434782608
76 -0.37	-0.43	0.0	2	28.284271247461902	28.284271247461902	0.0	0	0	2	0.01	0	0	0	0.01	0	0	0	0.021739130434782608
77 -0.37	-0.41000000000000003	0.0	2	28.284271247461902	28.284271247461902	0.0	0	0	2	0.01	0	0	0	0.01	0	0	0	0.021739130434782608
78 -0.37	-0.39	0.0	2	28.284271247461902	28.284271247461902	0.0	0	0	2	0.01	0	0	0	0.01	0	0	0	0.021739130434782608
79 -0.37	-0.37	0.0	2	28.284271247461902	28.284271247461902	0.0	0	0	2	0.01	0	0	0	0.01	0	0	0	0.021739130434782608
80 -0.37	-0.35	0.0	2	28.284271247461902	28.284271247461902	0.0	0	0	2	0.01	0	0	0	0.01	0	0	0	0.021739130434782608
81 -0.37	-0.32999999999999996	0.0	2	28.284271247461902	28.284271247461902	0.0	0	0	2	0.01	0	0	0	0.01	0	0	0	0.021739130434782608
82 -0.37	-0.31	0.0	2	28.284271247461902	28.284271247461902	0.0	0	0	2	0.01	0	0	0	0.01	0	0	0	0.021739130434782608
83 -0.37	-0.29000000000000004	0.0	2	28.284271247461902	28.284271247461902	0.0	0	0	2	0.01	0	0	0	0.01	0	0	0	0.021739130434782608
84 -0.37	-0.27	0.0	2	28.284271247461902	28.284271247461902	0.0	0	0	2	0.01	0	0	0	0.01	0	0	0	0.021739130434782608
85 -0.35	-0.49	0.0	2	28.284271247461902	28.284271247461902	0.0	0	0	2	0.01	0	0	0	0.01	0	0	0	0.021739130434782608
86 -0.35	-0.47	0.0	2	28.284271247461902	28.284271247461902	0.0	0	0	2	0.01	0	0	0	0.01	0	0	0	0.021739130434782608
87 -0.35	-0.45	0.0	2	28.284271247461902	28.284271247461902	0.0	0	0	2	0.01	0	0	0	0.01	0	0	0	0.021739130434782608
88 -0.35	-0.43	0.0	2	28.284271247461902	28.284271247461902	0.0	0	0	2	0.01	0	0	0	0.01	0	0	0	0.021739130434782608
89 -0.35	-0.41000000000000003	0.0	2	28.284271247461902	28.284271247461902	0.0	0	0	2	0.01	0	0	0	0.01	0	0	0	0.021739130434782608
90 -0.35	-0.39	0.0	2	28.284271247461902	28.284271247461902	0.0	0	0	2	0.01	0	0	0	0.01	0	0	0	0.021739130434782608
91 -0.35	-0.37	0.0	2	28.284271247461902	28.284271247461902	0.0	0	0	2	0.01	0	0	0	0.01	0	0	0	0.021739130434782608
92 -0.35	-0.35	0.0	2	28.284271247461902	28.284271247461902	0.0	0	0	2	0.01	0	0	0	0.01	0	0	0	0.021739130434782608
93 -0.35	-0.32999999999999996	0.0	2	28.284271247461902	28.284271247461902	0.0	0	0	2	0.01	0	0	0	0.01	0	0	0	0.021739130434782608
94 -0.35	-0.31	0.0	2	28.284271247461902	28.284271247461902	0.0	0	0	2	0.01	0	0	0	0.01	0	0	0	0.021739130434782608
95 -0.35	-0.29000000000000004	0.0	2	28.284271247461902	28.284271247461902	0.0	0	0	2	0.01	0	0	0	0.01	0	0	0	0.021739130434782608
96 -0.35	-0.27	0.0	2	28.284271247461902	28.284271247461902	0.0	0	0	2	0.01	0	0	0	0.01	0	0	0	0.021739130434782608
97 -0.32999999999999996	-0.49	0.0	2	28.284271247461902	28.284271247461902	0.0	0	0	2	0.01	0	0	0	0.01	0	0	0	0.021739130434782608
98 -0.32999999999999996	-0.47	0.0	2	28.284271247461902	28.284271247461902	0.0	0	0	2	0.01	0	0	0	0.01	0	0	0	0.021739130434782608
99 -0.32999999999999996	-0.45	0.0	2	28.284271247461902	28.284271247461902	0.0	0	0	2	0.01	0	0	0	0.01	0	0	0	0.021739130434782608
100 -0.32999999999999996	-0.43	0.0	2	28.284271247461902	28.284271247461902	0.0	0	0	2	0.01	0	0	0	0.01	0	0	0	0.021739130434782608
101 -0.32999999999999996	-0.41000000000000003	0.0	2	28.284271247461902	28.284271247461902	0.0	0	0	2	0.01	0	0	0	0.01	0	0	0	0.021739130434782608
102 -0.32999999999999996	-0.39	0.0	2	28.284271247461902	28.284271247461902	0.0	0	0	2	0.01	0	0	0	0.01	0	0	0	0.021739130434782608
103 -0.32999999999999996	-0.37	0.0	2	28.284271247461902	28.284271247461902	0.0	0	0	2	0.01	0	0	0	0.01	0	0	0	0.021739130434782608
104 -0.32999999999999996	-0.35	0.0	2	28.284271247461902	28.284271247461902	0.0	0	0	2	0.01	0	0	0	0.01	0	0	0	0.021739130434782608
105 -0.32999999999999996	-0.32999999999999996	0.0	2	28.284271247461902	28.284271247461902	0.0	0	0	2	0.01	0	0	0	0.01	0	0	0	0.021739130434782608
106 -0.32999999999999996	-0.31	0.0	2	28.284271247461902	28.284271247461902	0.0	0	0	2	0.01	0	0	0	0.01	0	0	0	0.021739130434782608
107 -0.32999999999999996	-0.29000000000000004	0.0	2	28.284271247461902	28.284271247461902	0.0	0	0	2	0.01	0	0	0	0.01	0	0	0	0.021739130434782608
108 -0.32999999999999996	-0.27	0.0	2	28.284271247461902	28.284271247461902	0.0	0	0	2	0.01	0	0	0	0.01	0	0	0	0.021739130434782608
109 -0.31	-0.49	0.0	2	28.284271247461902	28.284271247461902	0.0	0	0	2	0.01	0	0	0	0.01	0	0	0	0.021739130434782608
110 -0.31	-0.47	0.0	2	28.284271247461902	28.284271247461902	0.0	0	0	2	0.01	0	0	0	0.01	0	0	0	0.021739130434782608
111 -0.31	-0.45	0.0	2	28.284271247461902	28.284271247461902	0.0	0	0	2	0.01	0	0	0	0.01	0	0	0	0.021739130434782608
112 -0.31	-0.43	0.0	2	28.284271247461902	28.284271247461902	0.0	0	0	2	0.01	0	0	0	0.01	0	0	0	0.021739130434782608
113 -0.31	-0.41000000000000003	0.0	2	28.284271247461902	28.284271247461902	0.0	0	0	2	0.01	0	0	0	0.01	0	0	0	0.021739130434782608
114 -0.31	-0.39	0.0	2	28.284271247461902	28.284271247461902	0.0	0	0	2	0.01	0	0	0	0.01	0	0	0	0.021739130434782608
115 -0.31	-0.37	0.0	2	28.284271247461902	28.284271247461902	0.0	0	0	2	0.01	0	0	0	0.01	0	0	0	0.021739130434782608
116 -0.31	-0.35	0.0	2	28.284271247461902	28.284271247461902	0.0	0	0	2	0.01	0	0	0	0.01	0	0	0	0.021739130434782608
117 -0.31	-0.32999999999999996	0.0	2	28.284271247461902	28.284271247461902	0.0	0	0	2	0.01	0	0	0	0.01	0	0	0	0.021739130434782608
118 -0.31	-0.31	0.0	2	28.284271247461902	28.284271247461902	0.0	0	0	2	0.01	0	0	0	0.01	0	0	0	0.021739130434782608
119 -0.31	-0.29000000000000004	0.0	2	28.284271247461902	28.284271247461902	0.0	0	0	2	0.01	0	0	0	0.01	0	0	0	0.021739130434782608
120 -0.31	-0.27	0.0	2	28.284271247461902	28.284271247461902	0.0	0	0	2	0.01	0	0	0	0.01	0	0	0	0.021739130434782608
121 -0.29000000000000004	-0.49	0.0	2	28.284271247461902	28.284271247461902	0.0	0	0	2	0.01	0	0	0	0.01	0	0	0	0.021739130434782608
122 -0.29000000000000004	-0.47	0.0	2	28.284271247461902	28.284271247461902	0.0	0	0	2	0.01	0	0	0	0.01	0	0	0	0.021739130434782608
123 -0.29000000000000004	-0.45	0.0	2	28.284271247461902	28.284271247461902	0.0	0	0	2	0.01	0	0	0	0.01	0	0	0	0.021739130434782608
124 -0.29000000000000004	-0.43	0.0	2	28.284271247461902	28.284271247461902	0.0	0	0	2	0.01	0	0	0	0.01	0	0	0	0.021739130434782608
125 -0.29000000000000004	-0.41000000000000003	0.0	2	28.284271247461902	28.284271247461902	0.0	0	0	2	0.01	0	0	0	0.01	0	0	0	0.021739130434782608
126 -0.29000000000000004	-0.39	0.0	2	28.284271247461902	28.284271247461902	0.0	0	0	2	0.01	0	0	0	0.01	0	0	0	0.021739130434782608
127 -0.29000000000000004	-0.37	0.0	2	28.284271247461902	28.284271247461902	0.0	0	0	2	0.01	0	0	0	0.01	0	0	0	0.021739130434782608
128 -0.29000000000000004	-0.35	0.0	2	28.284271247461902	28.284271247461902	0.0	0	0	2	0.01	0	0	0	0.01	0	0	0	0.021739130434782608
129 -0.29000000000000004	-0.32999999999999996	0.0	2	28.284271247461902	28.284271247461902	0.0	0	0	2	0.01	0	0	0	0.01	0	0	0	0.021739130434782608
130 -0.29000000000000004	-0.31	0.0	2	28.284271247461902	28.284271247461902	0.0	0	0	2	0.01	0	0	0	0.01	0	0	0	0.021739130434782608
131 -0.29000000000000004	-0.29000000000000004	0.0	2	28.284271247461902	28.284271247461902	0.0	0	0	2	0.01	0	0	0	0.01	0	0	0	0.021739130434782608
132 -0.29000000000000004	-0.27	0.0	2	28.284271247461902	28.284271247461902	0.0	0	0	2	0.01	0	0	0	0.01	0	0	0	0.021739130434782608
133 -0.27	-0.49	0.0	2	28.284271247461902	28.284271247461902	0.0	0	0	2	0.01	0	0	0	0.01	0	0	0	0.021739130434782608
134 -0.27	-0.47	0.0	2	28.284271247461902	28.284271247461902	0.0	0	0	2	0.01	0	0	0	0.01	0	0	0	0.021739130434782608
135 -0.27	-0.45	0.0	2	28.284271247461902	28.284271247461902	0.0	0	0	2	0.01	0	0	0	0.01	0	0	0	0.021739130434782608
136 -0.27	-0.43	0.0	2	28.284271247461902	28.284271247461902	0.0	0	0	2	0.01	0	0	0	0.01	0	0	0	0.021739130434782608
137 -0.27	-0.41000000000000003	0.0	2	28.284271247461902	28.284271247461902	0.0	0	0	2	0.01	0	0	0	0.01	0	0	0	0.021739130434782608
138 -0.27	-0.39	0.0	2	28.284271247461902	28.284271247461902	0.0	0	0	2	0.01	0	0	0	0.01	0	0	0	0.021739130434782608
139 -0.27	-0.37	0.0	2	28.284271247461902	28.284271247461902	0.0	0	0	2	0.01	0	0	0	0.01	0	0	0	0.021739130434782608
140 -0.27	-0.35	0.0	2	28.284271247461902	28.284271247461902	0.0	0	0	2	0.01	0	0	0	0.01	0	0	0	0.021739130434782608
141 -0.27	-0.32999999999999996	0.0	2	28.284271247461902	28.284271247461902	0.0	0	0	2	0.01	0	0	0	0.01	0	0	0	0.021739130434782608
142 -0.27	-0.31	0.0	2	28.284271247461902	28.284271247461902	0.0	0	0	2	0.01	0	0	0	0.01	0	0	0	0.021739130434782608
143 -0.27	-0.29000000000000004	0.0	2	28.284271247461902	28.284271247461902	0.0	0	0	2	0.01	0	0	0	0.01	0	0	0	0.021739130434782608
144 -0.27	-0.27	0.0	2	28.284271247461902	28.284271247461902	0.0	0	0	2	0.01	0	0	0	0.01	0	0	0	0.021739130434782608
