993.147
993.147
993.147
993.147
993.147
993.147
993.147
993.147
993.147
993.147
993.147
993.147
993.147
993.147
993.147
993.147
993.147
993.147
993.147
993.147
993.147
993.147
993.147
993.147
993.147
993.147
993.147
993.147
993.147
993.147
993.147
993.147
993.147
993.147
993.147
993.147
993.147
993.147
993.147
993.147
993.147
993.147
993.147
993.147
993.147
993.147
993.147
993.147
993.147
993.147
993.147
993.147
993.147
993.147
993.147
993.147
993.147
993.147
993.147
993.147
993.147
993.147
993.147
993.147
993.147
993.147
993.147
993.147
993.147
993.147
993.147
993.147
993.147
993.147
993.147
993.147
