1.60185
1.60185
1.60185
1.60185
1.60185
1.60185
1.60185
1.60185
1.60185
1.60185
1.60185
1.60185
1.60185
1.60185
1.60185
1.60185
1.60185
1.60185
1.60185
1.60185
1.60185
1.60185
1.60185
1.60185
1.60185
1.60185
1.60185
1.60185
1.60185
1.60185
1.60185
1.60185
1.60185
1.60185
1.60185
1.60185
1.60185
1.60185
1.60185
1.60185
1.60185
1.60185
1.60185
1.60185
1.60185
1.60185
1.60185
1.60185
1.60185
1.60185
1.60185
1.60185
1.60185
1.60185
1.60185
1.60185
1.60185
1.60185
1.60185
1.60185
1.60185
1.60185
1.60185
1.60185
1.60185
1.60185
1.60185
1.60185
1.60185
1.60185
1.60185
1.60185
1.60185
1.60185
1.60185
1.60185
