61.629114
61.938031
61.941128
61.944225
61.947322
61.950420
61.953517
61.956615
61.959713
61.962811
61.965909
61.969008
61.972106
61.975205
61.978304
61.981403
61.984502
61.987601
61.990701
61.993800
61.996900
62.000000
62.003100
62.006200
62.009301
62.012401
62.015502
62.018603
62.021704
62.024805
62.027906
62.031008
62.034109
62.037211
62.040313
62.043415
62.046517
62.049620
62.052722
62.055825
62.058928
62.062031
62.065134
62.068238
62.071341
62.074445
62.077548
62.080652
62.083757
62.086861
62.089965
62.093070
62.096175
62.099279
62.102384
62.105490
62.108595
62.111701
62.114806
62.117912
62.121018
62.124124
62.127230
62.130337
62.133443
62.136550
62.139657
62.142764
62.145871
62.148979
62.152086
62.155194
62.158302
62.161410
62.164518
62.167626
62.170735
62.466748
