0.078663
0.096079
0.096271
0.096464
0.096657
0.096851
0.097045
0.097239
0.097434
0.097629
0.097824
0.098020
0.098216
0.098413
0.098610
0.098807
0.099005
0.099203
0.099402
0.099601
0.099800
0.100000
0.100200
0.100401
0.100602
0.100803
0.101005
0.101207
0.101410
0.101613
0.101816
0.102020
0.102224
0.102429
0.102634
0.102840
0.103045
0.103252
0.103458
0.103666
0.103873
0.104081
0.104289
0.104498
0.104707
0.104917
0.105127
0.105338
0.105548
0.105760
0.105971
0.106184
0.106396
0.106609
0.106823
0.107037
0.107251
0.107466
0.107681
0.107896
0.108112
0.108329
0.108546
0.108763
0.108981
0.109199
0.109417
0.109636
0.109856
0.110076
0.110296
0.110517
0.110738
0.110960
0.111182
0.111405
0.111628
0.134986