0.719757601
0.749131466
0.779704101
0.811524429
0.844643369
0.879113919
0.914991239
0.95233274
0.991198176
1.031649741
1.073752166
1.117572823
1.163181835
1.210652186
1.260059839
1.311483857
1.365006528
1.420713502
1.478693919
1.539040563
1.60185
1.667222739
1.735263389
1.806080832
1.879788389
1.956504008
2.036350451
2.11945549
2.205952109
2.295978723
2.389679392
2.487204058
2.588708781
2.694355991
2.804314745
2.918761
3.037877897
3.161856045
3.290893838
3.425197764
3.564982736
3.710472442
3.861899695
4.019506811
4.183545996
4.354279747
4.531981274
4.716934939
4.909436706
5.109794618
5.318329293
5.535374429
5.761277344
5.996399533
6.24111724
6.495822067
6.760921594
7.036840039
7.324018929
7.622917812
7.934014989
8.257808283
8.594815832
8.945576921
9.31065284
9.690627791
10.08610981
10.49773176
10.92615232
11.37205706
11.83615951
12.31920235
12.82195853
13.34523258
13.88986186
14.45671787
