898.6365672
903.1410017
907.6680149
912.2177197
916.7902301
921.3856602
926.0041251
930.6457401
935.3106212
939.9988852
944.7106493
949.4460311
954.2051491
958.9881223
963.7950703
968.6261132
973.4813718
978.3609675
983.2650222
988.1936587
993.147
998.1251701
1003.128293
1008.156495
1013.2099
1018.288636
1023.392829
1028.522607
1033.678098
1038.859431
1044.066736
1049.300142
1054.559781
1059.845784
1065.158283
1070.497411
1075.863301
1081.256089
1086.675907
1092.122893
1097.597182
1103.098911
1108.628217
1114.185239
1119.770116
1125.382987
1131.023992
1136.693274
1142.390973
1148.117231
1153.872193
1159.656001
1165.468801
1171.310738
1177.181957
1183.082606
1189.012833
1194.972784
1200.96261
1206.98246
1213.032485
1219.112836
1225.223664
1231.365123
1237.537367
1243.740549
1249.974824
1256.240349
1262.53728
1268.865774
1275.225991
1281.618087
1288.042225
1294.498563
1300.987264
1307.50849
