26201000
26269950
26338900
26407850
26476800
26545750
26614700
26683650
26752600
26821550
26890500
26959450
27028400
27097350
27166300
27235250
27304200
27373150
27442100
27511050
27580000
27648950
27717900
27786850
27855800
27924750
27993700
28062650
28131600
28200550
28269500
28338450
28407400
28476350
28545300
28614250
28683200
28752150
28821100
28890050
28959000
29027950
29096900
29165850
29234800
29303750
29372700
29441650
29510600
29579550
29648500
29717450
29786400
29855350
29924300
29993250
30062200
30131150
30200100
30269050
30338000
30406950
30475900
30544850
30613800
30682750
30751700
30820650
30889600
30958550
31027500
31096450
31165400
31234350
31303300
31372250
