0.000996008
0.000996207
0.000996406
0.000996606
0.000996805
0.000997004
0.000997204
0.000997403
0.000997603
0.000997802
0.000998002
0.000998202
0.000998401
0.000998601
0.000998801
0.000999
0.0009992
0.0009994
0.0009996
0.0009998
0.001
0.0010002
0.0010004
0.0010006
0.0010008
0.001001001
0.001001201
0.001001401
0.001001601
0.001001802
0.001002002
0.001002202
0.001002403
0.001002603
0.001002804
0.001003005
0.001003205
0.001003406
0.001003606
0.001003807
0.001004008
0.001004209
0.00100441
0.001004611
0.001004812
0.001005013
0.001005214
0.001005415
0.001005616
0.001005817
0.001006018
0.001006219
0.001006421
0.001006622
0.001006823
0.001007025
0.001007226
0.001007427
0.001007629
0.00100783
0.001008032
0.001008234
0.001008435
0.001008637
0.001008839
0.001009041
0.001009242
0.001009444
0.001009646
0.001009848
0.00101005
0.001010252
0.001010454
0.001010656
0.001010859
0.001011061
