0.00004804
0.00004814
0.00004823
0.00004833
0.00004843
0.00004852
0.00004862
0.00004872
0.00004881
0.00004891
0.00004901
0.00004911
0.00004921
0.00004930
0.00004940
0.00004950
0.00004960
0.00004970
0.00004980
0.00004990
0.00005000
0.00005010
0.00005020
0.00005030
0.00005040
0.00005050
0.00005060
0.00005070
0.00005081
0.00005091
0.00005101
0.00005111
0.00005121
0.00005132
0.00005142
0.00005152
0.00005163
0.00005173
0.00005183
0.00005194
0.00005204
0.00005214
0.00005225
0.00005235
0.00005246
0.00005256
0.00005267
0.00005277
0.00005288
0.00005299
0.00005309
0.00005320
0.00005330
0.00005341
0.00005352
0.00005363
0.00005373
0.00005384
0.00005395
0.00005406
0.00005416
0.00005427
0.00005438
0.00005449
0.00005460
0.00005471
0.00005482
0.00005493
0.00005504
0.00005515
0.00005526
0.00005537
0.00005548
0.00005559
0.00005570
0.00005581
