0.994018
0.999000
0.999050
0.999100
0.999150
0.999200
0.999250
0.999300
0.999350
0.999400
0.999450
0.999500
0.999550
0.999600
0.999650
0.999700
0.999750
0.999800
0.999850
0.999900
0.999950
1.000000
1.000050
1.000100
1.000150
1.000200
1.000250
1.000300
1.000350
1.000400
1.000450
1.000500
1.000550
1.000600
1.000650
1.000700
1.000750
1.000800
1.000850
1.000900
1.000950
1.001001
1.001051
1.001101
1.001151
1.001201
1.001251
1.001301
1.001351
1.001401
1.001451
1.001501
1.001551
1.001601
1.001651
1.001701
1.001752
1.001802
1.001852
1.001902
1.001952
1.002002
1.002052
1.002102
1.002152
1.002202
1.002253
1.002303
1.002353
1.002403
1.002453
1.002503
1.002553
1.002603
1.002654
1.002704
1.002754
1.007528