0.039331
0.048039
0.048136
0.048232
0.048329
0.048425
0.048522
0.048619
0.048717
0.048814
0.048912
0.049010
0.049108
0.049206
0.049305
0.049404
0.049502
0.049602
0.049701
0.049800
0.049900
0.050000
0.050100
0.050200
0.050301
0.050402
0.050503
0.050604
0.050705
0.050806
0.050908
0.051010
0.051112
0.051215
0.051317
0.051420
0.051523
0.051626
0.051729
0.051833
0.051937
0.052041
0.052145
0.052249
0.052354
0.052459
0.052564
0.052669
0.052774
0.052880
0.052986
0.053092
0.053198
0.053305
0.053411
0.053518
0.053625
0.053733
0.053840
0.053948
0.054056
0.054164
0.054273
0.054381
0.054490
0.054599
0.054709
0.054818
0.054928
0.055038
0.055148
0.055259
0.055369
0.055480
0.055591
0.055702
0.055814
0.067493