# Rs[sm3/sm3]   Pbub[Pa]        Bo[m3/sm3]      Visc(Pa.s)
    0.0           1.0e5         1.000           1.000e-3
   50.0          50.0e5         1.200           0.900e-3
   67.5         100.0e5         1.300           0.500e-3
   85.0         150.0e5         1.400           0.290e-3
  117.5         200.0e5         1.500           0.220e-3
  150.0         250.0e5         1.600           0.200e-3
                300.0e5         1.575           0.300e-3
                350.0e5         1.550           0.350e-3
                400.0e5         1.525           0.375e-3
                450.0e5         1.500           0.400e-3
  182.5         300.0e5         1.605           0.180e-3
  215.0         350.0e5         1.610           0.160e-3
  247.5         400.0e5         1.615           0.153e-3
  280.0         450.0e5         1.620           0.149e-3
                550.0e5         1.570           0.220e-3