987.205959
989.182347
989.380203
989.578099
989.776034
989.974009
990.172024
990.370078
990.568172
990.766305
990.964478
991.162691
991.360943
991.559235
991.757567
991.955938
992.154349
992.352800
992.551291
992.749821
992.948390
993.147000
993.345649
993.544338
993.743067
993.941835
994.140644
994.339492
994.538380
994.737307
994.936274
995.135282
995.334329
995.533415
995.732542
995.931708
996.130915
996.330161
996.529447
996.728773
996.928138
997.127544
997.326989
997.526475
997.726000
997.925565
998.125170
998.324815
998.524500
998.724225
998.923990
999.123794
999.323639
999.523524
999.723449
999.923413
1000.123418
1000.323463
1000.523547
1000.723672
1000.923837
1001.124042
1001.324286
1001.524571
1001.724896
1001.925261
1002.125666
1002.326112
1002.526597
1002.727122
1002.927688
1004.131923