611.19369534
631.06818957
633.09084229
635.11997788
637.15561709
639.19778078
641.24648987
643.30176532
645.36362819
647.43209959
649.50720070
651.58895277
653.67737712
655.77249512
657.87432825
659.98289801
662.09822600
664.22033389
666.34924340
668.48497633
670.62755455
672.77700000
674.93333470
677.09658071
679.26676021
681.44389540
683.62800858
685.81912212
688.01725845
690.22244009
692.43468961
694.65402967
696.88048299
699.11407237
701.35482069
703.60275088
705.85788598
708.12024906
710.38986331
712.66675195
714.95093830
717.24244576
719.54129779
721.84751793
724.16112979
726.48215707
728.81062353
731.14655302
733.48996945
735.84089683
738.19935923
740.56538080
742.93898576
745.32019842
747.70904317
750.10554446
752.50972685
754.92161493
757.34123343
759.76860710
762.20376081
764.64671950
767.09750817
769.55615193
772.02267595
774.49710549
776.97946588
779.46978255
781.96808100
784.47438681
786.98872565
802.24489978