19305328.0
22063232.0
22339022.4
22614812.8
22890603.2
23166393.6
23442184.0
23717974.4
23993764.8
24269555.2
24545345.6
24821136.0
25096926.4
25372716.8
25648507.2
25924297.6
26200088.0
26475878.4
26751668.8
27027459.2
27303249.6
27579040.0
27854830.4
28130620.8
28406411.2
28682201.6
28957992.0
29233782.4
29509572.8
29785363.2
30061153.6
30336944.0
30612734.4
30888524.8
31164315.2
31440105.6
31715896.0
31991686.4
32267476.8
32543267.2
32819057.6
33094848.0
33370638.4
33646428.8
33922219.2
34198009.6
34473800.0
34749590.4
35025380.8
35301171.2
35576961.6
35852752.0
36128542.4
36404332.8
36680123.2
36955913.6
37231704.0
37507494.4
37783284.8
38059075.2
38334865.6
38610656.0
38886446.4
39162236.8
39438027.2
39713817.6
39989608.0
40265398.4
40541188.8
40816979.2
41092769.6
42747512.0