0.00272539
0.00281401
0.00282303
0.00283208
0.00284116
0.00285027
0.00285940
0.00286857
0.00287776
0.00288698
0.00289624
0.00290552
0.00291483
0.00292417
0.00293355
0.00294295
0.00295238
0.00296184
0.00297134
0.00298086
0.00299042
0.00300000
0.00300962
0.00301926
0.00302894
0.00303865
0.00304839
0.00305816
0.00306796
0.00307779
0.00308766
0.00309755
0.00310748
0.00311744
0.00312743
0.00313746
0.00314751
0.00315760
0.00316772
0.00317787
0.00318806
0.00319828
0.00320853
0.00321881
0.00322913
0.00323948
0.00324986
0.00326028
0.00327073
0.00328121
0.00329173
0.00330228
0.00331286
0.00332348
0.00333413
0.00334482
0.00335554
0.00336629
0.00337708
0.00338791
0.00339877
0.00340966
0.00342059
0.00343155
0.00344255
0.00345358
0.00346465
0.00347576
0.00348690
0.00349807
0.00350928
0.00357731