0.00099402
0.00099601
0.00099621
0.00099641
0.00099661
0.00099681
0.00099700
0.00099720
0.00099740
0.00099760
0.00099780
0.00099800
0.00099820
0.00099840
0.00099860
0.00099880
0.00099900
0.00099920
0.00099940
0.00099960
0.00099980
0.00100000
0.00100020
0.00100040
0.00100060
0.00100080
0.00100100
0.00100120
0.00100140
0.00100160
0.00100180
0.00100200
0.00100220
0.00100240
0.00100260
0.00100280
0.00100300
0.00100321
0.00100341
0.00100361
0.00100381
0.00100401
0.00100421
0.00100441
0.00100461
0.00100481
0.00100501
0.00100521
0.00100541
0.00100562
0.00100582
0.00100602
0.00100622
0.00100642
0.00100662
0.00100682
0.00100702
0.00100723
0.00100743
0.00100763
0.00100783
0.00100803
0.00100823
0.00100844
0.00100864
0.00100884
0.00100904
0.00100924
0.00100944
0.00100965
0.00100985
0.00101106