99.9980934
17.78445609
11.20350909
8.549878542
7.057769576
6.082201546
5.386086427
4.86006559
4.446116454
4.110353325
3.831547061
3.595663494
3.393021946
3.216710174
3.061649542
2.924017691
2.800877928
2.68993357
2.589360389
2.497689435
2.413723433
2.336475912
2.265126101
2.198985069
2.137469915
2.080083807
2.02640045
1.976051821
1.928718377
1.884121218
1.842015737
1.802186411
1.764442543
1.728614745
1.694551981
1.662119113
1.631194842
1.601669938
1.573445757
1.546432977
1.520550493
1.495724483
1.471887601
1.448978263
1.426940034
1.405721104
1.385273798
1.365554178
1.346521677
1.328138769
1.310370692
1.293185194
1.276552299
1.260444114
1.244834648
1.229699646
1.215016445
1.200763848
1.186921998
1.173472275
1.160397205
1.147680364
1.135306301
1.123260469
1.111529155
1.100099423
1.088959056
1.078096509
1.067500858
1.057161765
1.047069433
1.03721457
1.027588362
1.018182437
1.008988837
0.999999998
