2673.58
1569.54
921.641
541.598
318.844
188.636
113.161
71.3553
68.6664
67.55
64.5221
60.3181
55.2298
6307.33
3705.66
2178.5
1282.45
756.968
449.092
269.132
165.082
107.296
80.6751
70.9355
63.0822
55.6087
6889.77
4048.08
2379.8
1400.98
826.731
490.356
293.557
179.514
115.48
84.0046
71.4461
62.7103
54.8532
7167.72
4214.56
2477.85
1458.53
860.685
510.375
305.381
186.466
119.421
85.6759
71.6673
62.4604
54.4108
7695.74
4532.4
2666.22
1569.45
925.991
548.848
328.07
199.751
126.891
88.9229
72.0417
61.8357
53.4057
