46936
27463.3
16033.8
9329.78
5398.81
3097.75
1756.01
984.683
384.346
308.847
257.339
213.065
174.089
100967
59188.6
34663.2
20273.3
11832
6884.57
3987.23
2299.63
1327.8
774.223
495.896
363.194
278.102
106682
62533.8
36631.7
21432.2
12514.9
7289
4227.04
2441.97
1411.87
826.931
521.268
374.006
283.292
109059
63928.8
37453.6
21917.4
12801.6
7458.71
4327.86
2501.78
1447.38
848.585
531.751
377.811
284.638
112703
66122.3
38757.6
22688.4
13257.5
7729.47
4489.49
2598.06
1504.22
882.592
547.904
382.198
284.875
