649.259
381.808
224.849
132.806
78.8799
47.4088
29.2911
19.6428
30.5281
33.3965
34.2617
34.1245
33.158
1236.88
727.677
428.802
253.456
150.651
90.4644
55.3793
35.3029
24.7214
21.8394
23.4514
23.551
22.6727
1332.34
784.252
462.109
273.1
162.246
97.3531
59.4777
37.7217
25.9962
21.7698
22.482
22.468
21.554
1379.8
812.227
478.575
282.798
167.972
100.748
61.4924
38.9032
26.6267
21.8133
22.0577
21.9644
21.0269
1463.7
865.848
510.904
301.849
179.213
107.392
65.4234
41.2014
27.8496
21.9956
21.3184
21.0222
20.0325
