0.0098474
0.00582094
0.00345813
0.00207293
0.00126211
0.000790421
0.000521592
0.000384888
0.000793974
0.000966344
0.00107505
0.00115461
0.0012034
0.188589
0.111214
0.0658019
0.0391599
0.0235417
0.0144074
0.00909634
0.00608502
0.00457049
0.00447163
0.00551906
0.00617058
0.00644326
0.271182
0.160069
0.0946648
0.0562932
0.0337951
0.0206318
0.012967
0.00859759
0.00632712
0.00581969
0.00685352
0.00764637
0.00796688
0.322712
0.190546
0.112675
0.0669761
0.0401834
0.0245026
0.0153674
0.010148
0.00740101
0.00663886
0.00762397
0.00848277
0.00882578
0.447498
0.265667
0.157324
0.0934601
0.0560057
0.0340784
0.0212896
0.0139536
0.0100132
0.00861264
0.00940793
0.010377
0.0107577
