4518
0.00000000000000e+00
0.00000000000000e+00
0.00000000000000e+00
0.00000000000000e+00
0.00000000000000e+00
0.00000000000000e+00
0.00000000000000e+00
0.00000000000000e+00
0.00000000000000e+00
0.00000000000000e+00
0.00000000000000e+00
0.00000000000000e+00
0.00000000000000e+00
0.00000000000000e+00
0.00000000000000e+00
0.00000000000000e+00
0.00000000000000e+00
0.00000000000000e+00
0.00000000000000e+00
0.00000000000000e+00
0.00000000000000e+00
0.00000000000000e+00
0.00000000000000e+00
0.00000000000000e+00
0.00000000000000e+00
0.00000000000000e+00
0.00000000000000e+00
0.00000000000000e+00
0.00000000000000e+00
0.00000000000000e+00
0.00000000000000e+00
0.00000000000000e+00
0.00000000000000e+00
0.00000000000000e+00
0.00000000000000e+00
0.00000000000000e+00
0.00000000000000e+00
0.00000000000000e+00
0.00000000000000e+00
0.00000000000000e+00
0.00000000000000e+00
0.00000000000000e+00
0.00000000000000e+00
0.00000000000000e+00
0.00000000000000e+00
0.00000000000000e+00
0.00000000000000e+00
0.00000000000000e+00
0.00000000000000e+00
0.00000000000000e+00
0.00000000000000e+00
0.00000000000000e+00
0.00000000000000e+00
0.00000000000000e+00
0.00000000000000e+00
0.00000000000000e+00
0.00000000000000e+00
0.00000000000000e+00
0.00000000000000e+00
0.00000000000000e+00
0.00000000000000e+00
0.00000000000000e+00
0.00000000000000e+00
0.00000000000000e+00
0.00000000000000e+00
0.00000000000000e+00
0.00000000000000e+00
0.00000000000000e+00
0.00000000000000e+00
0.00000000000000e+00
0.00000000000000e+00
0.00000000000000e+00
0.00000000000000e+00
0.00000000000000e+00
0.00000000000000e+00
0.00000000000000e+00
0.00000000000000e+00
0.00000000000000e+00
0.00000000000000e+00
0.00000000000000e+00
0.00000000000000e+00
0.00000000000000e+00
0.00000000000000e+00
0.00000000000000e+00
0.00000000000000e+00
0.00000000000000e+00
0.00000000000000e+00
0.00000000000000e+00
0.00000000000000e+00
0.00000000000000e+00
0.00000000000000e+00
0.00000000000000e+00
0.00000000000000e+00
0.00000000000000e+00
0.00000000000000e+00
0.00000000000000e+00
0.00000000000000e+00
0.00000000000000e+00
0.00000000000000e+00
0.00000000000000e+00
0.00000000000000e+00
0.00000000000000e+00
0.00000000000000e+00
0.00000000000000e+00
0.00000000000000e+00
0.00000000000000e+00
0.00000000000000e+00
0.00000000000000e+00
0.00000000000000e+00
0.00000000000000e+00
0.00000000000000e+00
0.00000000000000e+00
0.00000000000000e+00
0.00000000000000e+00
0.00000000000000e+00
0.00000000000000e+00
0.00000000000000e+00
0.00000000000000e+00
0.00000000000000e+00
0.00000000000000e+00
0.00000000000000e+00
0.00000000000000e+00
0.00000000000000e+00
0.00000000000000e+00
0.00000000000000e+00
0.00000000000000e+00
0.00000000000000e+00
0.00000000000000e+00
0.00000000000000e+00
0.00000000000000e+00
0.00000000000000e+00
0.00000000000000e+00
0.00000000000000e+00
0.00000000000000e+00
0.00000000000000e+00
0.00000000000000e+00
0.00000000000000e+00
0.00000000000000e+00
0.00000000000000e+00
0.00000000000000e+00
0.00000000000000e+00
0.00000000000000e+00
0.00000000000000e+00
0.00000000000000e+00
0.00000000000000e+00
0.00000000000000e+00
0.00000000000000e+00
0.00000000000000e+00
0.00000000000000e+00
0.00000000000000e+00
0.00000000000000e+00
0.00000000000000e+00
0.00000000000000e+00
0.00000000000000e+00
0.00000000000000e+00
0.00000000000000e+00
0.00000000000000e+00
0.00000000000000e+00
0.00000000000000e+00
0.00000000000000e+00
0.00000000000000e+00
0.00000000000000e+00
0.00000000000000e+00
0.00000000000000e+00
0.00000000000000e+00
0.00000000000000e+00
0.00000000000000e+00
0.00000000000000e+00
0.00000000000000e+00
0.00000000000000e+00
0.00000000000000e+00
0.00000000000000e+00
0.00000000000000e+00
0.00000000000000e+00
0.00000000000000e+00
0.00000000000000e+00
0.00000000000000e+00
0.00000000000000e+00
0.00000000000000e+00
0.00000000000000e+00
0.00000000000000e+00
0.00000000000000e+00
0.00000000000000e+00
0.00000000000000e+00
0.00000000000000e+00
0.00000000000000e+00
0.00000000000000e+00
0.00000000000000e+00
0.00000000000000e+00
-1.54042799784631e-03
-6.69950274330509e-04
-2.64837062632959e-03
-1.00798129129295e-03
-6.22482551435811e-04
-2.01677426644670e-03
-7.65955927023950e-04
-6.17848757927105e-04
-1.88923169487627e-03
-6.09464180648440e-04
-6.09593346084953e-04
-1.82733323186323e-03
-4.89602835425935e-04
-6.04712496631466e-04
-1.79677052279315e-03
-3.89284389008281e-04
-6.02007326829051e-04
-1.77923046890829e-03
-3.00805793968526e-04
-6.00456008876451e-04
-1.76869049596572e-03
-2.19999027533085e-04
-5.99565575470032e-04
-1.76218210902356e-03
-1.44172191667664e-04
-5.99066201365314e-04
-1.75824879762064e-03
-7.13690831733560e-05
-5.98813550067106e-04
-1.75613120706174e-03
-6.74065888071402e-18
-5.98736464388127e-04
-1.75546206380847e-03
7.13690831733428e-05
-5.98813550067101e-04
-1.75613120706173e-03
1.44172191667651e-04
-5.99066201365303e-04
-1.75824879762063e-03
2.19999027533072e-04
-5.99565575470014e-04
-1.76218210902354e-03
3.00805793968515e-04
-6.00456008876427e-04
-1.76869049596568e-03
3.89284389008270e-04
-6.02007326829021e-04
-1.77923046890825e-03
4.89602835425925e-04
-6.04712496631428e-04
-1.79677052279310e-03
6.09464180648431e-04
-6.09593346084906e-04
-1.82733323186317e-03
7.65955927023940e-04
-6.17848757927047e-04
-1.88923169487620e-03
1.00798129129293e-03
-6.22482551435745e-04
-2.01677426644662e-03
1.54042799784627e-03
-6.69950274330441e-04
-2.64837062632949e-03
-1.55661908661518e-03
-1.74547391080792e-17
-2.53384285340238e-03
-1.01663249209913e-03
-3.07461916435597e-18
-1.89697415758264e-03
-7.67712250078440e-04
5.56347462872691e-18
-1.76690992526660e-03
-6.11537269145231e-04
1.13196721341198e-17
-1.70354533397231e-03
-4.90867324476394e-04
1.49166984969928e-17
-1.67247191545388e-03
-3.89999605200504e-04
1.78686876059675e-17
-1.65466742630261e-03
-3.01210172879963e-04
2.03885463181643e-17
-1.64397356900120e-03
-2.20223321023600e-04
2.26762522560584e-17
-1.63735941308111e-03
-1.44290000094091e-04
2.45738079339950e-17
-1.63335457563886e-03
-7.14195034846557e-05
2.66225466991969e-17
-1.63119483321824e-03
-1.17519981396882e-17
2.85313678995978e-17
-1.63051171915786e-03
7.14195034846321e-05
3.03996642586539e-17
-1.63119483321824e-03
1.44290000094067e-04
3.23086643120359e-17
-1.63335457563886e-03
2.20223321023577e-04
3.46389739201860e-17
-1.63735941308111e-03
3.01210172879940e-04
3.71520394542608e-17
-1.64397356900119e-03
3.89999605200482e-04
3.97292855353134e-17
-1.65466742630261e-03
4.90867324476372e-04
4.24320218634119e-17
-1.67247191545387e-03
6.11537269145209e-04
4.61561403259093e-17
-1.70354533397230e-03
7.67712250078419e-04
4.85170123404579e-17
-1.76690992526660e-03
1.01663249209911e-03
4.78752838289441e-17
-1.89697415758263e-03
1.55661908661515e-03
3.27305175445524e-17
-2.53384285340235e-03
-1.54042799784634e-03
6.69950274330478e-04
-2.64837062632961e-03
-1.00798129129298e-03
6.22482551435809e-04
-2.01677426644673e-03
-7.65955927023974e-04
6.17848757927123e-04
-1.88923169487631e-03
-6.09464180648459e-04
6.09593346084985e-04
-1.82733323186328e-03
-4.89602835425950e-04
6.04712496631507e-04
-1.79677052279321e-03
-3.89284389008294e-04
6.02007326829101e-04
-1.77923046890836e-03
-3.00805793968538e-04
6.00456008876508e-04
-1.76869049596580e-03
-2.19999027533096e-04
5.99565575470094e-04
-1.76218210902365e-03
-1.44172191667675e-04
5.99066201365382e-04
-1.75824879762074e-03
-7.13690831733661e-05
5.98813550067181e-04
-1.75613120706185e-03
-1.65564953864077e-17
5.98736464388206e-04
-1.75546206380858e-03
7.13690831733329e-05
5.98813550067186e-04
-1.75613120706185e-03
1.44172191667641e-04
5.99066201365393e-04
-1.75824879762076e-03
2.19999027533062e-04
5.99565575470110e-04
-1.76218210902368e-03
3.00805793968504e-04
6.00456008876530e-04
-1.76869049596583e-03
3.89284389008260e-04
6.02007326829130e-04
-1.77923046890840e-03
4.89602835425915e-04
6.04712496631543e-04
-1.79677052279326e-03
6.09464180648424e-04
6.09593346085030e-04
-1.82733323186334e-03
7.65955927023942e-04
6.17848757927176e-04
-1.88923169487637e-03
1.00798129129295e-03
6.22482551435869e-04
-2.01677426644679e-03
1.54042799784633e-03
6.69950274330535e-04
-2.64837062632966e-03
-2.42161249504326e-03
-5.33782514947567e-04
-4.74162802839454e-03
-1.94752253508060e-03
-5.66981369865088e-04
-4.13631526368778e-03
-1.52439794420457e-03
-5.75625072916234e-04
-3.83819451202073e-03
-1.21879465407946e-03
-5.80194168399820e-04
-3.70545002146115e-03
-9.78471211544858e-04
-5.81353643453391e-04
-3.63271358453892e-03
-7.76943123779475e-04
-5.81922104266713e-04
-3.59028898985667e-03
-5.99702824108578e-04
-5.82303578603023e-04
-3.56403730856076e-03
-4.38262005879323e-04
-5.82594151740730e-04
-3.54750401003461e-03
-2.87064066795484e-04
-5.82808895122971e-04
-3.53734430584622e-03
-1.42065394745707e-04
-5.82942054131437e-04
-3.53181240920162e-03
-1.05144168962220e-17
-5.82987236262977e-04
-3.53005405377743e-03
1.42065394745686e-04
-5.82942054131420e-04
-3.53181240920161e-03
2.87064066795464e-04
-5.82808895122936e-04
-3.53734430584619e-03
4.38262005879305e-04
-5.82594151740678e-04
-3.54750401003456e-03
5.99702824108560e-04
-5.82303578602950e-04
-3.56403730856069e-03
7.76943123779458e-04
-5.81922104266621e-04
-3.59028898985659e-03
9.78471211544842e-04
-5.81353643453276e-04
-3.63271358453882e-03
1.21879465407945e-03
-5.80194168399681e-04
-3.70545002146103e-03
1.52439794420455e-03
-5.75625072916071e-04
-3.83819451202060e-03
1.94752253508057e-03
-5.66981369864902e-04
-4.13631526368762e-03
2.42161249504322e-03
-5.33782514947370e-04
-4.74162802839436e-03
-2.42315201293700e-03
-1.76187984970913e-17
-4.76895693298493e-03
-1.94017725111733e-03
1.11058240437808e-17
-4.15404342582198e-03
-1.52146014457977e-03
3.30746494071002e-17
-3.84800182622556e-03
-1.21749463712848e-03
5.05269300089486e-17
-3.71112372821377e-03
-9.77994513108573e-04
6.42733224018353e-17
-3.63585937949727e-03
-7.76660475599133e-04
7.53808618881927e-17
-3.59192956736954e-03
-5.99500287413702e-04
8.56125668242801e-17
-3.56476311726105e-03
-4.38112968114719e-04
9.41806748919546e-17
-3.54766270822121e-03
-2.86963703856562e-04
1.03166799890364e-16
-3.53715814446812e-03
-1.42014653347641e-04
1.10624346387951e-16
-3.53143965504176e-03
-2.16019640743713e-17
1.19264288097948e-16
-3.52962215061967e-03
1.42014653347597e-04
1.26861997199111e-16
-3.53143965504176e-03
2.86963703856518e-04
1.35242023420086e-16
-3.53715814446812e-03
4.38112968114675e-04
1.44097617079320e-16
-3.54766270822121e-03
5.99500287413659e-04
1.52825992554968e-16
-3.56476311726105e-03
7.76660475599090e-04
1.61670373313105e-16
-3.59192956736953e-03
9.77994513108529e-04
1.71415039404245e-16
-3.63585937949726e-03
1.21749463712844e-03
1.80879153902806e-16
-3.71112372821377e-03
1.52146014457972e-03
1.88134389466644e-16
-3.84800182622555e-03
1.94017725111729e-03
1.87168927064818e-16
-4.15404342582196e-03
2.42315201293696e-03
1.70675171694700e-16
-4.76895693298489e-03
-2.42161249504332e-03
5.33782514947538e-04
-4.74162802839460e-03
-1.94752253508065e-03
5.66981369865115e-04
-4.13631526368784e-03
-1.52439794420462e-03
5.75625072916308e-04
-3.83819451202081e-03
-1.21879465407950e-03
5.80194168399928e-04
-3.70545002146125e-03
-9.78471211544891e-04
5.81353643453527e-04
-3.63271358453905e-03
-7.76943123779505e-04
5.81922104266875e-04
-3.59028898985681e-03
-5.99702824108605e-04
5.82303578603205e-04
-3.56403730856092e-03
-4.38262005879348e-04
5.82594151740932e-04
-3.54750401003478e-03
-2.87064066795508e-04
5.82808895123191e-04
-3.53734430584641e-03
-1.42065394745730e-04
5.82942054131674e-04
-3.53181240920183e-03
-3.32837178228750e-17
5.82987236263232e-04
-3.53005405377765e-03
1.42065394745664e-04
5.82942054131691e-04
-3.53181240920184e-03
2.87064066795441e-04
5.82808895123225e-04
-3.53734430584644e-03
4.38262005879281e-04
5.82594151740985e-04
-3.54750401003483e-03
5.99702824108537e-04
5.82303578603276e-04
-3.56403730856097e-03
7.76943123779435e-04
5.81922104266965e-04
-3.59028898985688e-03
9.78471211544821e-04
5.81353643453640e-04
-3.63271358453913e-03
1.21879465407943e-03
5.80194168400064e-04
-3.70545002146135e-03
1.52439794420455e-03
5.75625072916468e-04
-3.83819451202093e-03
1.94752253508059e-03
5.66981369865296e-04
-4.13631526368796e-03
2.42161249504327e-03
5.33782514947730e-04
-4.74162802839470e-03
-3.11142476425748e-03
-4.85932719068153e-04
-6.72127308030504e-03
-2.62224287996382e-03
-5.17668007768508e-04
-6.21677868653931e-03
-2.16247336377772e-03
-5.37436093345759e-04
-5.88694611808999e-03
-1.76432945268365e-03
-5.46938945021076e-04
-5.69207944323738e-03
-1.42962829381239e-03
-5.52777654791984e-04
-5.57806743234321e-03
-1.14019749981745e-03
-5.56225640087073e-04
-5.50734500717350e-03
-8.82142471673604e-04
-5.58434184384322e-04
-5.46218373819514e-03
-6.45511088979831e-04
-5.59881960561898e-04
-5.43306370660886e-03
-4.23127688445112e-04
-5.60806711007812e-04
-5.41489079134667e-03
-2.09483157627165e-04
-5.61325565233747e-04
-5.40489719351159e-03
-1.32593055196280e-17
-5.61493167128213e-04
-5.40170542788987e-03
2.09483157627138e-04
-5.61325565233712e-04
-5.40489719351157e-03
4.23127688445085e-04
-5.60806711007741e-04
-5.41489079134662e-03
6.45511088979805e-04
-5.59881960561788e-04
-5.43306370660879e-03
8.82142471673579e-04
-5.58434184384175e-04
-5.46218373819505e-03
1.14019749981742e-03
-5.56225640086887e-04
-5.50734500717339e-03
1.42962829381236e-03
-5.52777654791755e-04
-5.57806743234308e-03
1.76432945268363e-03
-5.46938945020801e-04
-5.69207944323722e-03
2.16247336377770e-03
-5.37436093345440e-04
-5.88694611808981e-03
2.62224287996379e-03
-5.17668007768144e-04
-6.21677868653909e-03
3.11142476425744e-03
-4.85932719067758e-04
-6.72127308030480e-03
-3.09287142571410e-03
2.82735101684042e-18
-6.73584928937854e-03
-2.61084862580832e-03
4.63530413520062e-17
-6.23325156260162e-03
-2.15589803776097e-03
8.35727646542271e-17
-5.90037720749404e-03
-1.76075281334794e-03
1.15584238114840e-16
-5.70365565784479e-03
-1.42747119278480e-03
1.42209481390814e-16
-5.58797981056634e-03
-1.13885787861948e-03
1.65571176401151e-16
-5.51608730376307e-03
-8.81264658237309e-04
1.86051825729780e-16
-5.47012992245099e-03
-6.44935917336673e-04
2.04480019919961e-16
-5.44048819036870e-03
-4.22775719345257e-04
2.22612288750913e-16
-5.42198826284492e-03
-2.09315288587505e-04
2.40583955285670e-16
-5.41181498062265e-03
-3.35343655830983e-17
2.57391373628016e-16
-5.40856589724397e-03
2.09315288587437e-04
2.74509065411993e-16
-5.41181498062265e-03
4.22775719345189e-04
2.91966057261233e-16
-5.42198826284492e-03
6.44935917336605e-04
3.10179228753657e-16
-5.44048819036869e-03
8.81264658237241e-04
3.27945730189432e-16
-5.47012992245099e-03
1.13885787861941e-03
3.46050477714671e-16
-5.51608730376306e-03
1.42747119278473e-03
3.64557674106603e-16
-5.58797981056633e-03
1.76075281334787e-03
3.82833507585663e-16
-5.70365565784478e-03
2.15589803776090e-03
3.96564061799355e-16
-5.90037720749403e-03
2.61084862580826e-03
4.00990081784321e-16
-6.23325156260160e-03
3.09287142571403e-03
3.89934687269592e-16
-6.73584928937849e-03
-3.11142476425758e-03
4.85932719068164e-04
-6.72127308030514e-03
-2.62224287996391e-03
5.17668007768607e-04
-6.21677868653941e-03
-2.16247336377780e-03
5.37436093345933e-04
-5.88694611809013e-03
-1.76432945268371e-03
5.46938945021313e-04
-5.69207944323753e-03
-1.42962829381244e-03
5.52777654792278e-04
-5.57806743234340e-03
-1.14019749981750e-03
5.56225640087414e-04
-5.50734500717371e-03
-8.82142471673650e-04
5.58434184384705e-04
-5.46218373819537e-03
-6.45511088979874e-04
5.59881960562318e-04
-5.43306370660911e-03
-4.23127688445153e-04
5.60806711008271e-04
-5.41489079134694e-03
-2.09483157627206e-04
5.61325565234242e-04
-5.40489719351189e-03
-5.42508843472439e-17
5.61493167128742e-04
-5.40170542789018e-03
2.09483157627098e-04
5.61325565234277e-04
-5.40489719351191e-03
4.23127688445044e-04
5.60806711008342e-04
-5.41489079134698e-03
6.45511088979764e-04
5.59881960562427e-04
-5.43306370660917e-03
8.82142471673539e-04
5.58434184384851e-04
-5.46218373819545e-03
1.14019749981738e-03
5.56225640087598e-04
-5.50734500717380e-03
1.42962829381233e-03
5.52777654792505e-04
-5.57806743234352e-03
1.76432945268360e-03
5.46938945021586e-04
-5.69207944323767e-03
2.16247336377768e-03
5.37436093346251e-04
-5.88694611809028e-03
2.62224287996380e-03
5.17668007768965e-04
-6.21677868653957e-03
3.11142476425748e-03
4.85932719068555e-04
-6.72127308030528e-03
-3.61050876729688e-03
-4.73618460499874e-04
-8.63340772261988e-03
-3.13084293999185e-03
-5.00035599040187e-04
-8.22968633580515e-03
-2.65582661026817e-03
-5.18797294426787e-04
-7.91883659579187e-03
-2.21527442411375e-03
-5.30935698818686e-04
-7.70360606935612e-03
-1.81827320819051e-03
-5.38723152401271e-04
-7.56051136181081e-03
-1.46142099503203e-03
-5.43961924481458e-04
-7.46574920709881e-03
-1.13599488249302e-03
-5.47464162081666e-04
-7.40239424985659e-03
-8.33692571594565e-04
-5.49804470048682e-04
-7.36034380391705e-03
-5.47443010224168e-04
-5.51304390679804e-04
-7.33359261165890e-03
-2.71287123165980e-04
-5.52144296820241e-04
-7.31871044802321e-03
-1.28069181940619e-17
-5.52415030583027e-04
-7.31393109386627e-03
2.71287123165954e-04
-5.52144296820181e-04
-7.31871044802318e-03
5.47443010224142e-04
-5.51304390679682e-04
-7.33359261165884e-03
8.33692571594539e-04
-5.49804470048500e-04
-7.36034380391696e-03
1.13599488249300e-03
-5.47464162081421e-04
-7.40239424985648e-03
1.46142099503201e-03
-5.43961924481153e-04
-7.46574920709867e-03
1.81827320819048e-03
-5.38723152400899e-04
-7.56051136181065e-03
2.21527442411373e-03
-5.30935698818243e-04
-7.70360606935592e-03
2.65582661026814e-03
-5.18797294426272e-04
-7.91883659579164e-03
3.13084293999182e-03
-5.00035599039607e-04
-8.22968633580489e-03
3.61050876729684e-03
-4.73618460499233e-04
-8.63340772261959e-03
-3.59700087605107e-03
4.66704976467578e-17
-8.63878486004283e-03
-3.11961697326946e-03
1.06999806716662e-16
-8.23609908270957e-03
-2.64835701445739e-03
1.61675493528569e-16
-7.92641506313046e-03
-2.21044769936543e-03
2.07959826997445e-16
-7.71064199231011e-03
-1.81512062113992e-03
2.49756172797072e-16
-7.56690427801751e-03
-1.45930466403796e-03
2.87065197350103e-16
-7.47149848999979e-03
-1.13457373469843e-03
3.20105885503023e-16
-7.40763431649307e-03
-8.32754741619932e-04
3.50169122803013e-16
-7.36521254066266e-03
-5.46869926512757e-04
3.80120519152412e-16
-7.33821441476123e-03
-2.71014641237551e-04
4.10412645694795e-16
-7.32319180513944e-03
-4.51940228258010e-17
4.39927201752026e-16
-7.31836695394586e-03
2.71014641237460e-04
4.69293281315113e-16
-7.32319180513943e-03
5.46869926512666e-04
4.99672111570978e-16
-7.33821441476123e-03
8.32754741619840e-04
5.30446247147074e-16
-7.36521254066265e-03
1.13457373469834e-03
5.60467854131617e-16
-7.40763431649306e-03
1.45930466403787e-03
5.89383764418857e-16
-7.47149848999978e-03
1.81512062113982e-03
6.17355389736694e-16
-7.56690427801749e-03
2.21044769936533e-03
6.45862315233118e-16
-7.71064199231010e-03
2.64835701445729e-03
6.69418576076739e-16
-7.92641506313044e-03
3.11961697326936e-03
6.82641540683010e-16
-8.23609908270953e-03
3.59700087605097e-03
6.83387923806850e-16
-8.63878486004277e-03
-3.61050876729701e-03
4.73618460499975e-04
-8.63340772262003e-03
-3.13084293999196e-03
5.00035599040409e-04
-8.22968633580530e-03
-2.65582661026827e-03
5.18797294427116e-04
-7.91883659579205e-03
-2.21527442411385e-03
5.30935698819109e-04
-7.70360606935633e-03
-1.81827320819059e-03
5.38723152401780e-04
-7.56051136181106e-03
-1.46142099503211e-03
5.43961924482042e-04
-7.46574920709907e-03
-1.13599488249309e-03
5.47464162082316e-04
-7.40239424985688e-03
-8.33692571594632e-04
5.49804470049394e-04
-7.36034380391737e-03
-5.47443010224233e-04
5.51304390680576e-04
-7.33359261165924e-03
-2.71287123166045e-04
5.52144296821075e-04
-7.31871044802358e-03
-7.78167434412449e-17
5.52415030583922e-04
-7.31393109386668e-03
2.71287123165890e-04
5.52144296821136e-04
-7.31871044802361e-03
5.47443010224077e-04
5.51304390680698e-04
-7.33359261165929e-03
8.33692571594476e-04
5.49804470049576e-04
-7.36034380391744e-03
1.13599488249294e-03
5.47464162082558e-04
-7.40239424985698e-03
1.46142099503195e-03
5.43961924482349e-04
-7.46574920709919e-03
1.81827320819043e-03
5.38723152402151e-04
-7.56051136181120e-03
2.21527442411368e-03
5.30935698819551e-04
-7.70360606935649e-03
2.65582661026810e-03
5.18797294427627e-04
-7.91883659579223e-03
3.13084293999180e-03
5.00035599040987e-04
-8.22968633580550e-03
3.61050876729686e-03
4.73618460500615e-04
-8.63340772262020e-03
-3.98956364408445e-03
-4.70302074444414e-04
-1.05183192239377e-02
-3.51283236590638e-03
-4.90971294938879e-04
-1.01984003335061e-02
-3.03360058075371e-03
-5.07457373433070e-04
-9.92563076169214e-03
-2.57102742302633e-03
-5.19436409465367e-04
-9.71435234987466e-03
-2.13635722942469e-03
-5.27966455017161e-04
-9.55952369051457e-03
-1.73169379726663e-03
-5.33993028621894e-04
-9.44909901851841e-03
-1.35382851197708e-03
-5.38234018856199e-04
-9.37157663419630e-03
-9.97334117597346e-04
-5.41147940334595e-04
-9.31835600612666e-03
-6.56469373865059e-04
-5.43046355167063e-04
-9.28374363311671e-03
-3.25746711576596e-04
-5.44118306335304e-04
-9.26422701886882e-03
-1.07209418201635e-17
-5.44465041446758e-04
-9.25791934275326e-03
3.25746711576575e-04
-5.44118306335213e-04
-9.26422701886878e-03
6.56469373865036e-04
-5.43046355166883e-04
-9.28374363311664e-03
9.97334117597323e-04
-5.41147940334324e-04
-9.31835600612657e-03
1.35382851197705e-03
-5.38234018855838e-04
-9.37157663419617e-03
1.73169379726661e-03
-5.33993028621444e-04
-9.44909901851825e-03
2.13635722942467e-03
-5.27966455016619e-04
-9.55952369051438e-03
2.57102742302631e-03
-5.19436409464727e-04
-9.71435234987443e-03
3.03360058075369e-03
-5.07457373432334e-04
-9.92563076169188e-03
3.51283236590635e-03
-4.90971294938047e-04
-1.01984003335058e-02
3.98956364408441e-03
-4.70302074443485e-04
-1.05183192239374e-02
-3.97899264856023e-03
1.18286043054327e-16
-1.05203022272551e-02
-3.50361121800252e-03
1.96406383981497e-16
-1.02015491220439e-02
-3.02651914031493e-03
2.65405936852598e-16
-9.93014308242412e-03
-2.56597788946296e-03
3.29652170106397e-16
-9.71926317332110e-03
-2.13278246468736e-03
3.86500140903619e-16
-9.56435454741998e-03
-1.72917596514309e-03
4.37763531677846e-16
-9.45371385249979e-03
-1.35207369491566e-03
4.84712023469879e-16
-9.37594834441360e-03
-9.96152520334003e-04
5.31596017030130e-16
-9.32252010925504e-03
-6.55739233239167e-04
5.75929490602276e-16
-9.28775545324201e-03
-3.25397721208777e-04
6.21054688040729e-16
-9.26814751165558e-03
-5.72904124811145e-17
6.64916029670619e-16
-9.26180951254028e-03
3.25397721208663e-04
7.10774100334461e-16
-9.26814751165558e-03
6.55739233239052e-04
7.55811073753749e-16
-9.28775545324200e-03
9.96152520333887e-04
7.99401244345513e-16
-9.32252010925504e-03
1.35207369491554e-03
8.42292355741636e-16
-9.37594834441359e-03
1.72917596514297e-03
8.83835703453010e-16
-9.45371385249978e-03
2.13278246468724e-03
9.24200837240646e-16
-9.56435454741997e-03
2.56597788946285e-03
9.62685422778331e-16
-9.71926317332109e-03
3.02651914031481e-03
9.98044548594823e-16
-9.93014308242409e-03
3.50361121800240e-03
1.02509421909669e-15
-1.02015491220439e-02
3.97899264856011e-03
1.04135310343365e-15
-1.05203022272550e-02
-3.98956364408461e-03
4.70302074444655e-04
-1.05183192239379e-02
-3.51283236590653e-03
4.90971294939279e-04
-1.01984003335063e-02
-3.03360058075384e-03
5.07457373433607e-04
-9.92563076169237e-03
-2.57102742302645e-03
5.19436409466034e-04
-9.71435234987492e-03
-2.13635722942480e-03
5.27966455017941e-04
-9.55952369051487e-03
-1.73169379726674e-03
5.33993028622778e-04
-9.44909901851874e-03
-1.35382851197718e-03
5.38234018857178e-04
-9.37157663419666e-03
-9.97334117597441e-04
5.41147940335667e-04
-9.31835600612705e-03
-6.56469373865153e-04
5.43046355168228e-04
-9.28374363311713e-03
-3.25746711576689e-04
5.44118306336557e-04
-9.26422701886927e-03
-1.03661475090273e-16
5.44465041448102e-04
-9.25791934275375e-03
3.25746711576482e-04
5.44118306336647e-04
-9.26422701886930e-03
6.56469373864945e-04
5.43046355168408e-04
-9.28374363311719e-03
9.97334117597233e-04
5.41147940335936e-04
-9.31835600612714e-03
1.35382851197697e-03
5.38234018857538e-04
-9.37157663419677e-03
1.73169379726652e-03
5.33993028623227e-04
-9.44909901851887e-03
2.13635722942459e-03
5.27966455018482e-04
-9.55952369051503e-03
2.57102742302623e-03
5.19436409466671e-04
-9.71435234987511e-03
3.03360058075363e-03
5.07457373434343e-04
-9.92563076169258e-03
3.51283236590631e-03
4.90971294940112e-04
-1.01984003335065e-02
3.98956364408439e-03
4.70302074445582e-04
-1.05183192239381e-02
-4.27748178100316e-03
-4.70044762745267e-04
-1.23968518168779e-02
-3.80156488201022e-03
-4.86385324373390e-04
-1.21451252823501e-02
-3.32000371278422e-03
-5.00246895435368e-04
-1.19133540626507e-02
-2.84560743704418e-03
-5.11144441781925e-04
-1.17186945446146e-02
-2.38764444653797e-03
-5.19430476520687e-04
-1.15647296781576e-02
-1.95028761770449e-03
-5.25599955356581e-04
-1.14477424823623e-02
-1.53336848204012e-03
-5.30098804552564e-04
-1.13615495704709e-02
-1.13410053219937e-03
-5.33278832589697e-04
-1.13003183000431e-02
-7.48448050790248e-04
-5.35388451423806e-04
-1.12595560655897e-02
-3.71938355358086e-04
-5.36592702038052e-04
-1.12362383011998e-02
-7.92387435963241e-18
-5.36984185020590e-04
-1.12286500218235e-02
3.71938355358070e-04
-5.36592702037929e-04
-1.12362383011997e-02
7.48448050790231e-04
-5.35388451423560e-04
-1.12595560655897e-02
1.13410053219935e-03
-5.33278832589330e-04
-1.13003183000430e-02
1.53336848204010e-03
-5.30098804552077e-04
-1.13615495704708e-02
1.95028761770447e-03
-5.25599955355970e-04
-1.14477424823621e-02
2.38764444653796e-03
-5.19430476519957e-04
-1.15647296781574e-02
2.84560743704416e-03
-5.11144441781066e-04
-1.17186945446144e-02
3.32000371278420e-03
-5.00246895434380e-04
-1.19133540626504e-02
3.80156488201020e-03
-4.86385324372275e-04
-1.21451252823498e-02
4.27748178100314e-03
-4.70044762744028e-04
-1.23968518168775e-02
-4.26919077072405e-03
2.15241877694770e-16
-1.23973251461392e-02
-3.79401521341396e-03
3.10915363643807e-16
-1.21465483454156e-02
-3.31382620055307e-03
3.97077561201467e-16
-1.19161265750737e-02
-2.84083834899270e-03
4.77514377543308e-16
-1.17221274559118e-02
-2.38406768294010e-03
5.50269800439593e-16
-1.15684414220708e-02
-1.94765279929966e-03
6.16658962064704e-16
-1.14515137048352e-02
-1.53147386032173e-03
6.81794792476753e-16
-1.13652869425565e-02
-1.13279574548847e-03
7.44068280514374e-16
-1.13039901806385e-02
-7.47630547149714e-04
8.05536445579879e-16
-1.12631658073185e-02
-3.71544637245041e-04
8.66506857439401e-16
-1.12398059407678e-02
-6.96975548527494e-17
9.27746384260800e-16
-1.12322029631479e-02
3.71544637244901e-04
9.89182480309233e-16
-1.12398059407678e-02
7.47630547149573e-04
1.04999503569564e-15
-1.12631658073185e-02
1.13279574548833e-03
1.10909287533248e-15
-1.13039901806385e-02
1.53147386032159e-03
1.16729435702655e-15
-1.13652869425565e-02
1.94765279929951e-03
1.22388829482285e-15
-1.14515137048351e-02
2.38406768293996e-03
1.27750266987559e-15
-1.15684414220707e-02
2.84083834899256e-03
1.33076617939043e-15
-1.17221274559118e-02
3.31382620055292e-03
1.37850646973473e-15
-1.19161265750737e-02
3.79401521341381e-03
1.41991559158739e-15
-1.21465483454155e-02
4.26919077072390e-03
1.45182670861345e-15
-1.23973251461391e-02
-4.27748178100336e-03
4.70044762745707e-04
-1.23968518168782e-02
-3.80156488201040e-03
4.86385324374016e-04
-1.21451252823504e-02
-3.32000371278439e-03
5.00246895436169e-04
-1.19133540626509e-02
-2.84560743704433e-03
5.11144441782887e-04
-1.17186945446149e-02
-2.38764444653812e-03
5.19430476521796e-04
-1.15647296781580e-02
-1.95028761770462e-03
5.25599955357823e-04
-1.14477424823627e-02
-1.53336848204025e-03
5.30098804553937e-04
-1.13615495704714e-02
-1.13410053219950e-03
5.33278832591195e-04
-1.13003183000436e-02
-7.48448050790376e-04
5.35388451425429e-04
-1.12595560655902e-02
-3.71938355358211e-04
5.36592702039797e-04
-1.12362383012003e-02
-1.31760597189438e-16
5.36984185022458e-04
-1.12286500218241e-02
3.71938355357947e-04
5.36592702039919e-04
-1.12362383012003e-02
7.48448050790110e-04
5.35388451425673e-04
-1.12595560655903e-02
1.13410053219923e-03
5.33278832591561e-04
-1.13003183000437e-02
1.53336848203998e-03
5.30098804554426e-04
-1.13615495704715e-02
1.95028761770435e-03
5.25599955358430e-04
-1.14477424823628e-02
2.38764444653785e-03
5.19430476522526e-04
-1.15647296781582e-02
2.84560743704406e-03
5.11144441783740e-04
-1.17186945446151e-02
3.32000371278411e-03
5.00246895437151e-04
-1.19133540626512e-02
3.80156488201013e-03
4.86385324375126e-04
-1.21451252823506e-02
4.27748178100308e-03
4.70044762746945e-04
-1.23968518168784e-02
-4.49564796893098e-03
-4.71620597112897e-04
-1.42789944473887e-02
-4.01885422225809e-03
-4.84546542756992e-04
-1.40823175292575e-02
-3.53552522443100e-03
-4.95961582251375e-04
-1.38890713342460e-02
-3.05397707724748e-03
-5.05427031822348e-04
-1.37160898601617e-02
-2.58125094635422e-03
-5.12987347701298e-04
-1.35707929190846e-02
-2.12160749001579e-03
-5.18848450027701e-04
-1.34544092427463e-02
-1.67633440155317e-03
-5.23262967349567e-04
-1.33649250753573e-02
-1.24439972598078e-03
-5.26457895849656e-04
-1.32992732405071e-02
-8.23301205967069e-04
-5.28614212788775e-04
-1.32545673380181e-02
-4.09731540993413e-04
-5.29858392866174e-04
-1.32286242812287e-02
-3.70958414839199e-18
-5.30264963776555e-04
-1.32201229954618e-02
4.09731540993404e-04
-5.29858392866020e-04
-1.32286242812287e-02
8.23301205967060e-04
-5.28614212788463e-04
-1.32545673380180e-02
1.24439972598077e-03
-5.26457895849186e-04
-1.32992732405070e-02
1.67633440155316e-03
-5.23262967348941e-04
-1.33649250753571e-02
2.12160749001578e-03
-5.18848450026919e-04
-1.34544092427461e-02
2.58125094635421e-03
-5.12987347700361e-04
-1.35707929190844e-02
3.05397707724747e-03
-5.05427031821253e-04
-1.37160898601614e-02
3.53552522443099e-03
-4.95961582250118e-04
-1.38890713342457e-02
4.01885422225808e-03
-4.84546542755578e-04
-1.40823175292571e-02
4.49564796893096e-03
-4.71620597111324e-04
-1.42789944473883e-02
-4.48909843114408e-03
3.42281344400838e-16
-1.42785899255677e-02
-4.01276085234377e-03
4.51347724053660e-16
-1.40826948562264e-02
-3.53029798482226e-03
5.53867076075618e-16
-1.38906581125247e-02
-3.04973092944486e-03
6.51444857440596e-16
-1.37184147380624e-02
-2.57791395820575e-03
7.41848003785483e-16
-1.35735577277678e-02
-2.11905856801981e-03
8.26490630693644e-16
-1.34574056510955e-02
-1.67444918842573e-03
9.07566107019821e-16
-1.33680307055254e-02
-1.24307489901633e-03
9.87829787682787e-16
-1.33024219428233e-02
-8.22459617831350e-04
1.06755929443548e-15
-1.32577276396096e-02
-4.09323048217472e-04
1.14652059389594e-15
-1.32317848152734e-02
-8.35318224947636e-17
1.22550585875771e-15
-1.32232825764127e-02
4.09323048217305e-04
1.30204495766949e-15
-1.32317848152734e-02
8.22459617831182e-04
1.38034340285878e-15
-1.32577276396095e-02
1.24307489901617e-03
1.45746715974713e-15
-1.33024219428233e-02
1.67444918842556e-03
1.53383363442080e-15
-1.33680307055254e-02
2.11905856801964e-03
1.60441863419440e-15
-1.34574056510955e-02
2.57791395820558e-03
1.67595991732525e-15
-1.35735577277677e-02
3.04973092944469e-03
1.74120127784728e-15
-1.37184147380624e-02
3.53029798482209e-03
1.80609547157380e-15
-1.38906581125246e-02
4.01276085234359e-03
1.86140546996583e-15
-1.40826948562263e-02
4.48909843114390e-03
1.91171463767433e-15
-1.42785899255677e-02
-4.49564796893120e-03
4.71620597113586e-04
-1.42789944473890e-02
-4.01885422225831e-03
4.84546542757902e-04
-1.40823175292578e-02
-3.53552522443120e-03
4.95961582252489e-04
-1.38890713342464e-02
-3.05397707724767e-03
5.05427031823656e-04
-1.37160898601621e-02
-2.58125094635440e-03
5.12987347702787e-04
-1.35707929190850e-02
-2.12160749001596e-03
5.18848450029362e-04
-1.34544092427467e-02
-1.67633440155334e-03
5.23262967351391e-04
-1.33649250753578e-02
-1.24439972598094e-03
5.26457895851640e-04
-1.32992732405077e-02
-8.23301205967229e-04
5.28614212790920e-04
-1.32545673380186e-02
-4.09731540993573e-04
5.29858392868478e-04
-1.32286242812293e-02
-1.62738651964620e-16
5.30264963779016e-04
-1.32201229954625e-02
4.09731540993247e-04
5.29858392868635e-04
-1.32286242812294e-02
8.23301205966904e-04
5.28614212791234e-04
-1.32545673380187e-02
1.24439972598062e-03
5.26457895852112e-04
-1.32992732405078e-02
1.67633440155301e-03
5.23262967352018e-04
-1.33649250753579e-02
2.12160749001564e-03
5.18848450030140e-04
-1.34544092427469e-02
2.58125094635407e-03
5.12987347703723e-04
-1.35707929190852e-02
3.05397707724734e-03
5.05427031824747e-04
-1.37160898601623e-02
3.53552522443087e-03
4.95961582253739e-04
-1.38890713342466e-02
4.01885422225797e-03
4.84546542759314e-04
-1.40823175292580e-02
4.49564796893087e-03
4.71620597115155e-04
-1.42789944473892e-02
-4.65967094494664e-03
-4.74229630393676e-04
-1.61701060239720e-02
-4.18104997350920e-03
-4.84369859686953e-04
-1.60174920881134e-02
-3.69603782501106e-03
-4.93628780009016e-04
-1.58583555320215e-02
-3.20970054855325e-03
-5.01633897346475e-04
-1.57081173522601e-02
-2.72725059509337e-03
-5.08243968300597e-04
-1.55755268932064e-02
-2.25236128092823e-03
-5.13549124883320e-04
-1.54645800139132e-02
-1.78679174084728e-03
-5.17648331008078e-04
-1.53761043373774e-02
-1.33052972420956e-03
-5.20678072048689e-04
-1.53093098529525e-02
-8.82220157940941e-04
-5.22753319431869e-04
-1.52628711369008e-02
-4.39625112372506e-04
-5.23962554039950e-04
-1.52355585152745e-02
5.84189038178937e-19
-5.24359579387382e-04
-1.52265494427612e-02
4.39625112372507e-04
-5.23962554039757e-04
-1.52355585152744e-02
8.82220157940944e-04
-5.22753319431482e-04
-1.52628711369007e-02
1.33052972420957e-03
-5.20678072048111e-04
-1.53093098529524e-02
1.78679174084728e-03
-5.17648331007303e-04
-1.53761043373773e-02
2.25236128092823e-03
-5.13549124882361e-04
-1.54645800139130e-02
2.72725059509337e-03
-5.08243968299449e-04
-1.55755268932062e-02
3.20970054855325e-03
-5.01633897345133e-04
-1.57081173522598e-02
3.69603782501106e-03
-4.93628780007475e-04
-1.58583555320212e-02
4.18104997350918e-03
-4.84369859685218e-04
-1.60174920881130e-02
4.65967094494663e-03
-4.74229630391746e-04
-1.61701060239716e-02
-4.65454607729037e-03
4.86250300008101e-16
-1.61691633851155e-02
-4.17619155492183e-03
6.13170976861228e-16
-1.60172124964554e-02
-3.69171341713450e-03
7.34006424643936e-16
-1.58591215006929e-02
-3.20605208971286e-03
8.47065659100500e-16
-1.57096486426782e-02
-2.72428009158453e-03
9.57816158209615e-16
-1.55775665584289e-02
-2.25002137561909e-03
1.05969369939706e-15
-1.54669509521854e-02
-1.78501919728603e-03
1.15936849310072e-15
-1.53786764742511e-02
-1.32926114521782e-03
1.25926395840814e-15
-1.53119998516331e-02
-8.81404138417926e-04
1.35791618455176e-15
-1.52656260593557e-02
-4.39226097084235e-04
1.45432612456926e-15
-1.52383452675549e-02
-9.71961892594988e-17
1.55214123215210e-15
-1.52293456792889e-02
4.39226097084041e-04
1.64847175980601e-15
-1.52383452675548e-02
8.81404138417733e-04
1.74479161854778e-15
-1.52656260593557e-02
1.32926114521763e-03
1.84160620010543e-15
-1.53119998516331e-02
1.78501919728584e-03
1.93231479949747e-15
-1.53786764742511e-02
2.25002137561889e-03
2.02133550496622e-15
-1.54669509521854e-02
2.72428009158433e-03
2.10626538827422e-15
-1.55775665584289e-02
3.20605208971266e-03
2.19057416891046e-15
-1.57096486426782e-02
3.69171341713430e-03
2.27001989307290e-15
-1.58591215006929e-02
4.17619155492163e-03
2.34405003991237e-15
-1.60172124964554e-02
4.65454607729016e-03
2.40915459662087e-15
-1.61691633851154e-02
-4.65967094494690e-03
4.74229630394651e-04
-1.61701060239724e-02
-4.18104997350944e-03
4.84369859688188e-04
-1.60174920881138e-02
-3.69603782501130e-03
4.93628780010487e-04
-1.58583555320219e-02
-3.20970054855348e-03
5.01633897348180e-04
-1.57081173522605e-02
-2.72725059509359e-03
5.08243968302518e-04
-1.55755268932069e-02
-2.25236128092844e-03
5.13549124885450e-04
-1.54645800139137e-02
-1.78679174084749e-03
5.17648331010405e-04
-1.53761043373780e-02
-1.33052972420977e-03
5.20678072051220e-04
-1.53093098529531e-02
-8.82220157941140e-04
5.22753319434593e-04
-1.52628711369014e-02
-4.39625112372703e-04
5.23962554042868e-04
-1.52355585152751e-02
-1.95267894444056e-16
5.24359579390494e-04
-1.52265494427619e-02
4.39625112372313e-04
5.23962554043062e-04
-1.52355585152751e-02
8.82220157940753e-04
5.22753319434982e-04
-1.52628711369015e-02
1.33052972420938e-03
5.20678072051800e-04
-1.53093098529532e-02
1.78679174084710e-03
5.17648331011178e-04
-1.53761043373781e-02
2.25236128092805e-03
5.13549124886410e-04
-1.54645800139138e-02
2.72725059509320e-03
5.08243968303671e-04
-1.55755268932071e-02
3.20970054855309e-03
5.01633897349519e-04
-1.57081173522607e-02
3.69603782501091e-03
4.93628780012027e-04
-1.58583555320221e-02
4.18104997350905e-03
4.84369859689914e-04
-1.60174920881140e-02
4.65967094494651e-03
4.74229630396572e-04
-1.61701060239726e-02
-4.78147091401555e-03
-4.77590473555050e-04
-1.80732530281374e-02
-4.30101442077595e-03
-4.85194314297305e-04
-1.79549187534508e-02
-3.81403201600835e-03
-4.92798272794265e-04
-1.78254074222650e-02
-3.32412458494916e-03
-4.99121464024362e-04
-1.76967443686050e-02
-2.83507198749002e-03
-5.04708845459138e-04
-1.75784251822370e-02
-2.34970505140596e-03
-5.09272560638496e-04
-1.74757068709189e-02
-1.86978024627949e-03
-5.12910157926673e-04
-1.73912355016423e-02
-1.39578957455412e-03
-5.15650587731934e-04
-1.73258692551619e-02
-9.27160168582903e-04
-5.17558215983904e-04
-1.72795852383847e-02
-4.62521911898903e-04
-5.18680815456814e-04
-1.72520337960115e-02
6.39661667958552e-18
-5.19051289221374e-04
-1.72428918216266e-02
4.62521911898916e-04
-5.18680815456585e-04
-1.72520337960115e-02
9.27160168582916e-04
-5.17558215983441e-04
-1.72795852383847e-02
1.39578957455413e-03
-5.15650587731235e-04
-1.73258692551618e-02
1.86978024627950e-03
-5.12910157925751e-04
-1.73912355016421e-02
2.34970505140597e-03
-5.09272560637346e-04
-1.74757068709187e-02
2.83507198749002e-03
-5.04708845457765e-04
-1.75784251822367e-02
3.32412458494917e-03
-4.99121464022758e-04
-1.76967443686047e-02
3.81403201600836e-03
-4.92798272792431e-04
-1.78254074222647e-02
4.30101442077595e-03
-4.85194314295243e-04
-1.79549187534504e-02
4.78147091401555e-03
-4.77590473552759e-04
-1.80732530281370e-02
-4.77770467586484e-03
6.51093231992960e-16
-1.80718155696903e-02
-4.29728686913740e-03
7.95348812532507e-16
-1.79543147958423e-02
-3.81055685789008e-03
9.35116793639883e-16
-1.78257022778468e-02
-3.32113407845693e-03
1.07192367839319e-15
-1.76977326930842e-02
-2.83254334077304e-03
1.19837675540503e-15
-1.75799144859103e-02
-2.34766169713419e-03
1.32160151641543e-15
-1.74775554895467e-02
-1.86819438666144e-03
1.43831529795672e-15
-1.73933209453783e-02
-1.39463476550480e-03
1.56010675667144e-15
-1.73281091885955e-02
-9.26407908653123e-04
1.67653741994633e-15
-1.72819184614615e-02
-4.62151393031261e-04
1.79234163065395e-15
-1.72544171317944e-02
-1.10901405465332e-16
1.90742920687604e-15
-1.72452907348726e-02
4.62151393031042e-04
2.02282191829827e-15
-1.72544171317944e-02
9.26407908652907e-04
2.13975968320817e-15
-1.72819184614615e-02
1.39463476550459e-03
2.25191427774463e-15
-1.73281091885955e-02
1.86819438666122e-03
2.36101439535620e-15
-1.73933209453783e-02
2.34766169713397e-03
2.46871479246357e-15
-1.74775554895467e-02
2.83254334077282e-03
2.56977090521502e-15
-1.75799144859103e-02
3.32113407845670e-03
2.67155214515507e-15
-1.76977326930842e-02
3.81055685788986e-03
2.76904081489370e-15
-1.78257022778467e-02
4.29728686913717e-03
2.85632999300372e-15
-1.79543147958422e-02
4.77770467586461e-03
2.93735424960955e-15
-1.80718155696902e-02
-4.78147091401585e-03
4.77590473556359e-04
-1.80732530281378e-02
-4.30101442077623e-03
4.85194314298905e-04
-1.79549187534512e-02
-3.81403201600863e-03
4.92798272796141e-04
-1.78254074222655e-02
-3.32412458494943e-03
4.99121464026508e-04
-1.76967443686055e-02
-2.83507198749027e-03
5.04708845461543e-04
-1.75784251822375e-02
-2.34970505140621e-03
5.09272560641146e-04
-1.74757068709194e-02
-1.86978024627973e-03
5.12910157929562e-04
-1.73912355016429e-02
-1.39578957455436e-03
5.15650587735059e-04
-1.73258692551625e-02
-9.27160168583138e-04
5.17558215987267e-04
-1.72795852383854e-02
-4.62521911899137e-04
5.18680815460409e-04
-1.72520337960122e-02
-2.25041501664842e-16
5.19051289225202e-04
-1.72428918216274e-02
4.62521911898686e-04
5.18680815460643e-04
-1.72520337960122e-02
9.27160168582689e-04
5.17558215987729e-04
-1.72795852383855e-02
1.39578957455391e-03
5.15650587735752e-04
-1.73258692551626e-02
1.86978024627928e-03
5.12910157930484e-04
-1.73912355016430e-02
2.34970505140576e-03
5.09272560642295e-04
-1.74757068709196e-02
2.83507198748982e-03
5.04708845462912e-04
-1.75784251822377e-02
3.32412458494898e-03
4.99121464028110e-04
-1.76967443686057e-02
3.81403201600817e-03
4.92798272797971e-04
-1.78254074222657e-02
4.30101442077578e-03
4.85194314300963e-04
-1.79549187534515e-02
4.78147091401539e-03
4.77590473558641e-04
-1.80732530281380e-02
-4.87283999241302e-03
-4.81561298390096e-04
-1.99907422854558e-02
-4.38865869492999e-03
-4.85759428533287e-04
-1.98959220172220e-02
-3.89922643024905e-03
-4.92250208391578e-04
-1.97929001914774e-02
-3.40689852606825e-03
-4.97641050671077e-04
-1.96838111646938e-02
-2.91340467853650e-03
-5.02400763336791e-04
-1.95802033126070e-02
-2.42096449585323e-03
-5.06351862384415e-04
-1.94871596704052e-02
-1.93102282750550e-03
-5.09540208888888e-04
-1.94086062917659e-02
-1.44431592989300e-03
-5.11958034325235e-04
-1.93464750949236e-02
-9.60777069875491e-04
-5.13653896940853e-04
-1.93017669774803e-02
-4.79714955591299e-04
-5.14654587878225e-04
-1.92748643844805e-02
1.17155802096284e-17
-5.14986000050938e-04
-1.92658900611514e-02
4.79714955591323e-04
-5.14654587877953e-04
-1.92748643844805e-02
9.60777069875515e-04
-5.13653896940317e-04
-1.93017669774803e-02
1.44431592989302e-03
-5.11958034324435e-04
-1.93464750949235e-02
1.93102282750552e-03
-5.09540208887814e-04
-1.94086062917657e-02
2.42096449585325e-03
-5.06351862383085e-04
-1.94871596704050e-02
2.91340467853651e-03
-5.02400763335197e-04
-1.95802033126067e-02
3.40689852606827e-03
-4.97641050669218e-04
-1.96838111646935e-02
3.89922643024906e-03
-4.92250208389450e-04
-1.97929001914770e-02
4.38865869493000e-03
-4.85759428530892e-04
-1.98959220172216e-02
4.87283999241302e-03
-4.81561298387440e-04
-1.99907422854554e-02
-4.86973203326341e-03
8.36688410420408e-16
-1.99892453658800e-02
-4.38568296499762e-03
1.00178469580504e-15
-1.98954507822820e-02
-3.89614216698174e-03
1.16356335329531e-15
-1.97931298120353e-02
-3.40422739622154e-03
1.31953788165418e-15
-1.96845068239941e-02
-2.91111761691844e-03
1.46995760020210e-15
-1.95813292391439e-02
-2.41907789087992e-03
1.61147586276542e-15
-1.94886003527078e-02
-1.92954289080318e-03
1.74807894147865e-15
-1.94102801671553e-02
-1.44322622534635e-03
1.88691337372718e-15
-1.93483139100028e-02
-9.60062877039299e-04
2.02656777919025e-15
-1.93037146548960e-02
-4.79361635009608e-04
2.16030263360751e-15
-1.92768740910454e-02
-1.20724261221302e-16
2.29599871145218e-15
-1.92679198057231e-02
4.79361635009365e-04
2.42936864238717e-15
-1.92768740910454e-02
9.60062877039053e-04
2.56077075685662e-15
-1.93037146548960e-02
1.44322622534611e-03
2.69301910862000e-15
-1.93483139100027e-02
1.92954289080294e-03
2.81933690827206e-15
-1.94102801671553e-02
2.41907789087968e-03
2.94486618375919e-15
-1.94886003527077e-02
2.91111761691820e-03
3.06381246468278e-15
-1.95813292391438e-02
3.40422739622129e-03
3.17808026726879e-15
-1.96845068239941e-02
3.89614216698148e-03
3.29152658301508e-15
-1.97931298120352e-02
4.38568296499737e-03
3.39486352641879e-15
-1.98954507822820e-02
4.86973203326315e-03
3.49374921088160e-15
-1.99892453658798e-02
-4.87283999241335e-03
4.81561298391773e-04
-1.99907422854562e-02
-4.38865869493032e-03
4.85759428535293e-04
-1.98959220172225e-02
-3.89922643024937e-03
4.92250208393912e-04
-1.97929001914778e-02
-3.40689852606856e-03
4.97641050673722e-04
-1.96838111646943e-02
-2.91340467853679e-03
5.02400763339737e-04
-1.95802033126075e-02
-2.42096449585352e-03
5.06351862387644e-04
-1.94871596704058e-02
-1.93102282750578e-03
5.09540208892392e-04
-1.94086062917665e-02
-1.44431592989327e-03
5.11958034329018e-04
-1.93464750949243e-02
-9.60777069875765e-04
5.13653896944914e-04
-1.93017669774811e-02
-4.79714955591571e-04
5.14654587882554e-04
-1.92748643844813e-02
-2.56267128790934e-16
5.14986000055535e-04
-1.92658900611522e-02
4.79714955591059e-04
5.14654587882822e-04
-1.92748643844813e-02
9.60777069875256e-04
5.13653896945452e-04
-1.93017669774811e-02
1.44431592989276e-03
5.11958034329821e-04
-1.93464750949244e-02
1.93102282750527e-03
5.09540208893464e-04
-1.94086062917667e-02
2.42096449585301e-03
5.06351862388977e-04
-1.94871596704060e-02
2.91340467853628e-03
5.02400763341333e-04
-1.95802033126077e-02
3.40689852606805e-03
4.97641050675582e-04
-1.96838111646945e-02
3.89922643024885e-03
4.92250208396044e-04
-1.97929001914781e-02
4.38865869492980e-03
4.85759428537689e-04
-1.98959220172227e-02
4.87283999241284e-03
4.81561298394432e-04
-1.99907422854564e-02
-4.93505705610955e-03
-4.83405604474361e-04
-2.19159290020953e-02
-4.45023060787222e-03
-4.87909841019465e-04
-2.18485562529888e-02
-3.95953662538460e-03
-4.92890778874695e-04
-2.17628051295533e-02
-3.46499429100383e-03
-4.97073766686892e-04
-2.16706367698406e-02
-2.96820825590609e-03
-5.00931082545976e-04
-2.15797711235993e-02
-2.47074984570071e-03
-5.04153828013977e-04
-2.14962596763841e-02
-1.97387751188806e-03
-5.06790143900503e-04
-2.14241830643302e-02
-1.47835814809115e-03
-5.08812339135322e-04
-2.13662060163848e-02
-9.84423280904348e-04
-5.10241838295115e-04
-2.13239368308888e-02
-4.91831496917823e-04
-5.11091065504420e-04
-2.12982809207690e-02
1.98760254710134e-17
-5.11372880901556e-04
-2.12896846447542e-02
4.91831496917862e-04
-5.11091065504116e-04
-2.12982809207690e-02
9.84423280904384e-04
-5.10241838294498e-04
-2.13239368308887e-02
1.47835814809118e-03
-5.08812339134402e-04
-2.13662060163847e-02
1.97387751188809e-03
-5.06790143899280e-04
-2.14241830643300e-02
2.47074984570074e-03
-5.04153828012454e-04
-2.14962596763839e-02
2.96820825590612e-03
-5.00931082544160e-04
-2.15797711235990e-02
3.46499429100386e-03
-4.97073766684771e-04
-2.16706367698403e-02
3.95953662538462e-03
-4.92890778872270e-04
-2.17628051295529e-02
4.45023060787223e-03
-4.87909841016735e-04
-2.18485562529884e-02
4.93505705610956e-03
-4.83405604471327e-04
-2.19159290020949e-02
-4.93290768455052e-03
1.04270179675328e-15
-2.19146856733813e-02
-4.44793790829006e-03
1.23254735571728e-15
-2.18475613804655e-02
-3.95724801377601e-03
1.41536743451966e-15
-2.17624433721830e-02
-3.46295963754815e-03
1.59292018587423e-15
-2.16708545067024e-02
-2.96642933326645e-03
1.76301042134411e-15
-2.15804395621309e-02
-2.46927165694848e-03
1.92883279294050e-15
-2.14972913770671e-02
-1.97270260872660e-03
2.08725330136367e-15
-2.14254872833363e-02
-1.47748681054519e-03
2.24385084267175e-15
-2.13677094776944e-02
-9.83848078994016e-04
2.40307930807573e-15
-2.13255735452136e-02
-4.91545946199887e-04
2.55969048262387e-15
-2.12999944996168e-02
-1.32725768829595e-16
2.71435498282366e-15
-2.12914231425785e-02
4.91545946199620e-04
2.86572426399656e-15
-2.12999944996168e-02
9.83848078993747e-04
3.01713497762104e-15
-2.13255735452136e-02
1.47748681054492e-03
3.16495670449600e-15
-2.13677094776944e-02
1.97270260872633e-03
3.30581367538418e-15
-2.14254872833363e-02
2.46927165694821e-03
3.44682775383777e-15
-2.14972913770670e-02
2.96642933326618e-03
3.58373140992381e-15
-2.15804395621309e-02
3.46295963754788e-03
3.71368066028077e-15
-2.16708545067023e-02
3.95724801377573e-03
3.84091428289388e-15
-2.17624433721830e-02
4.44793790828977e-03
3.96199129913978e-15
-2.18475613804654e-02
4.93290768455023e-03
4.07386180263752e-15
-2.19146856733812e-02
-4.93505705610993e-03
4.83405604476452e-04
-2.19159290020958e-02
-4.45023060787259e-03
4.87909841021936e-04
-2.18485562529893e-02
-3.95953662538496e-03
4.92890778877535e-04
-2.17628051295538e-02
-3.46499429100418e-03
4.97073766690083e-04
-2.16706367698412e-02
-2.96820825590643e-03
5.00931082549512e-04
-2.15797711235999e-02
-2.47074984570103e-03
5.04153828017836e-04
-2.14962596763848e-02
-1.97387751188838e-03
5.06790143904684e-04
-2.14241830643309e-02
-1.47835814809146e-03
5.08812339139819e-04
-2.13662060163856e-02
-9.84423280904662e-04
5.10241838299930e-04
-2.13239368308895e-02
-4.91831496918135e-04
5.11091065509549e-04
-2.12982809207698e-02
-2.87155571428356e-16
5.11372880906991e-04
-2.12896846447551e-02
4.91831496917561e-04
5.11091065509854e-04
-2.12982809207699e-02
9.84423280904089e-04
5.10241838300543e-04
-2.13239368308896e-02
1.47835814809089e-03
5.08812339140739e-04
-2.13662060163857e-02
1.97387751188781e-03
5.06790143905902e-04
-2.14241830643311e-02
2.47074984570046e-03
5.04153828019355e-04
-2.14962596763849e-02
2.96820825590585e-03
5.00931082551334e-04
-2.15797711236001e-02
3.46499429100360e-03
4.97073766692207e-04
-2.16706367698414e-02
3.95953662538438e-03
4.92890778879960e-04
-2.17628051295541e-02
4.45023060787200e-03
4.87909841024665e-04
-2.18485562529895e-02
4.93505705610934e-03
4.83405604479481e-04
-2.19159290020960e-02
-4.98288109499248e-03
-4.86931798981080e-04
-2.38575331142054e-02
-4.49404038587607e-03
-4.90228906406889e-04
-2.38054409785350e-02
-4.00167489772899e-03
-4.93545073470286e-04
-2.37359867957244e-02
-3.50549566588461e-03
-4.96731218454296e-04
-2.36580162163952e-02
-3.00646726536773e-03
-4.99611855478338e-04
-2.35790152186553e-02
-2.50565650957796e-03
-5.02130405882473e-04
-2.35047141232336e-02
-2.00407384012482e-03
-5.04217774287918e-04
-2.34393797982604e-02
-1.50246306827408e-03
-5.05850972939992e-04
-2.33860266930629e-02
-1.00123303748565e-03
-5.07017700595389e-04
-2.33466825828331e-02
-5.00467137489199e-04
-5.07716821041738e-04
-2.33226182848964e-02
3.00801457711836e-17
-5.07949544878430e-04
-2.33145241643510e-02
5.00467137489257e-04
-5.07716821041389e-04
-2.33226182848963e-02
1.00123303748571e-03
-5.07017700594697e-04
-2.33466825828330e-02
1.50246306827413e-03
-5.05850972938959e-04
-2.33860266930628e-02
2.00407384012487e-03
-5.04217774286542e-04
-2.34393797982602e-02
2.50565650957800e-03
-5.02130405880766e-04
-2.35047141232334e-02
3.00646726536777e-03
-4.99611855476290e-04
-2.35790152186551e-02
3.50549566588465e-03
-4.96731218451906e-04
-2.36580162163949e-02
4.00167489772901e-03
-4.93545073467558e-04
-2.37359867957240e-02
4.49404038587609e-03
-4.90228906403826e-04
-2.38054409785345e-02
4.98288109499249e-03
-4.86931798977685e-04
-2.38575331142049e-02
-4.98120527843662e-03
1.27499918944166e-15
-2.38561828082192e-02
-4.49235762591941e-03
1.48603547218379e-15
-2.38044102316653e-02
-4.00002615062504e-03
1.68928850994647e-15
-2.37355832300560e-02
-3.50396307050917e-03
1.88798155491514e-15
-2.36580866109444e-02
-3.00510626046348e-03
2.08027501409217e-15
-2.35795083165845e-02
-2.50449969284908e-03
2.26812396673669e-15
-2.35055396033080e-02
-2.00314137445451e-03
2.44785158712367e-15
-2.34404661982552e-02
-1.50176268340893e-03
2.62549803667959e-15
-2.33873054326428e-02
-1.00076690380870e-03
2.80499694059848e-15
-2.33480935878218e-02
-5.00234522123880e-04
2.98375070413957e-15
-2.33241062887145e-02
-1.45167095336256e-16
3.15796213909045e-15
-2.33160374939794e-02
5.00234522123590e-04
3.32905562117019e-15
-2.33241062887145e-02
1.00076690380841e-03
3.49763453833888e-15
-2.33480935878218e-02
1.50176268340863e-03
3.66083682031920e-15
-2.33873054326428e-02
2.00314137445422e-03
3.82210381726396e-15
-2.34404661982552e-02
2.50449969284878e-03
3.97736974324228e-15
-2.35055396033080e-02
3.00510626046318e-03
4.12826998930194e-15
-2.35795083165844e-02
3.50396307050887e-03
4.27253496114799e-15
-2.36580866109443e-02
4.00002615062473e-03
4.41431519368299e-15
-2.37355832300560e-02
4.49235762591909e-03
4.54432288199763e-15
-2.38044102316652e-02
4.98120527843630e-03
4.67200677072638e-15
-2.38561828082191e-02
-4.98288109499290e-03
4.86931798983636e-04
-2.38575331142059e-02
-4.49404038587648e-03
4.90228906409865e-04
-2.38054409785355e-02
-4.00167489772939e-03
4.93545073473669e-04
-2.37359867957249e-02
-3.50549566588500e-03
4.96731218458074e-04
-2.36580162163958e-02
-3.00646726536811e-03
4.99611855482503e-04
-2.35790152186560e-02
-2.50565650957833e-03
5.02130405887016e-04
-2.35047141232343e-02
-2.00407384012519e-03
5.04217774292819e-04
-2.34393797982611e-02
-1.50246306827444e-03
5.05850972945248e-04
-2.33860266930637e-02
-1.00123303748601e-03
5.07017700601002e-04
-2.33466825828339e-02
-5.00467137489553e-04
5.07716821047709e-04
-2.33226182848972e-02
-3.17886471970836e-16
5.07949544884752e-04
-2.33145241643519e-02
5.00467137488919e-04
5.07716821048055e-04
-2.33226182848973e-02
1.00123303748538e-03
5.07017700601695e-04
-2.33466825828340e-02
1.50246306827381e-03
5.05850972946288e-04
-2.33860266930638e-02
2.00407384012456e-03
5.04217774294192e-04
-2.34393797982612e-02
2.50565650957769e-03
5.02130405888725e-04
-2.35047141232345e-02
3.00646726536748e-03
4.99611855484550e-04
-2.35790152186562e-02
3.50549566588436e-03
4.96731218460455e-04
-2.36580162163960e-02
4.00167489772874e-03
4.93545073476390e-04
-2.37359867957251e-02
4.49404038587584e-03
4.90228906412919e-04
-2.38054409785357e-02
4.98288109499225e-03
4.86931798987035e-04
-2.38575331142061e-02
-5.01666305883938e-03
-4.89761645520997e-04
-2.58109766084789e-02
-4.52549540239033e-03
-4.92064566197671e-04
-2.57704223803381e-02
-4.03119083070537e-03
-4.94413362500850e-04
-2.57130754075797e-02
-3.53352299412601e-03
-4.96724504896473e-04
-2.56467123805015e-02
-3.03275761752936e-03
-4.98871338067373e-04
-2.55778402589237e-02
-2.52958438027523e-03
-5.00770251189397e-04
-2.55118262839560e-02
-2.02477310055980e-03
-5.02366081029393e-04
-2.54528586015854e-02
-1.51900843910212e-03
-5.03624962206479e-04
-2.54040899702496e-02
-1.01278976067396e-03
-5.04530176657929e-04
-2.53677778140888e-02
-5.06411495699112e-04
-5.05074636201793e-04
-2.53454229698741e-02
3.47969899893409e-17
-5.05256244011228e-04
-2.53378791532794e-02
5.06411495699182e-04
-5.05074636201408e-04
-2.53454229698741e-02
1.01278976067403e-03
-5.04530176657159e-04
-2.53677778140887e-02
1.51900843910218e-03
-5.03624962205323e-04
-2.54040899702495e-02
2.02477310055985e-03
-5.02366081027862e-04
-2.54528586015852e-02
2.52958438027528e-03
-5.00770251187495e-04
-2.55118262839558e-02
3.03275761752940e-03
-4.98871338065100e-04
-2.55778402589235e-02
3.53352299412605e-03
-4.96724504893825e-04
-2.56467123805012e-02
4.03119083070540e-03
-4.94413362497834e-04
-2.57130754075793e-02
4.52549540239036e-03
-4.92064566194282e-04
-2.57704223803376e-02
5.01666305883940e-03
-4.89761645517244e-04
-2.58109766084785e-02
-5.01552161951458e-03
1.53455363312276e-15
-2.58097959836698e-02
-4.52431750798847e-03
1.76049796343044e-15
-2.57694986026301e-02
-4.03001119600827e-03
1.98385715348970e-15
-2.57126212316596e-02
-3.53239897962523e-03
2.19959807410702e-15
-2.56466633103438e-02
-3.03173894267940e-03
2.41696992910457e-15
-2.55781411555113e-02
-2.52870624535600e-03
2.62437863490556e-15
-2.55124232411820e-02
-2.02405692050205e-03
2.81979161809495e-15
-2.54536943566014e-02
-1.51846623874771e-03
3.02291156082033e-15
-2.54051093422151e-02
-1.01242688650094e-03
3.22406497764393e-15
-2.53689267286498e-02
-5.06229855739786e-04
3.42286825027775e-15
-2.53466489659663e-02
-1.57279091646422e-16
3.62069948586529e-15
-2.53391307148852e-02
5.06229855739471e-04
3.81126502902345e-15
-2.53466489659663e-02
1.01242688650062e-03
3.99594855872761e-15
-2.53689267286497e-02
1.51846623874739e-03
4.17652074113258e-15
-2.54051093422151e-02
2.02405692050173e-03
4.35260477072688e-15
-2.54536943566014e-02
2.52870624535568e-03
4.52519522563816e-15
-2.55124232411820e-02
3.03173894267907e-03
4.69000885185407e-15
-2.55781411555113e-02
3.53239897962489e-03
4.84750826816136e-15
-2.56466633103438e-02
4.03001119600792e-03
5.00249466717739e-15
-2.57126212316595e-02
4.52431750798812e-03
5.14789436019491e-15
-2.57694986026300e-02
5.01552161951423e-03
5.29098397548884e-15
-2.58097959836697e-02
-5.01666305883984e-03
4.89761645524069e-04
-2.58109766084795e-02
-4.52549540239078e-03
4.92064566201197e-04
-2.57704223803386e-02
-4.03119083070581e-03
4.94413362504825e-04
-2.57130754075803e-02
-3.53352299412644e-03
4.96724504900879e-04
-2.56467123805021e-02
-3.03275761752978e-03
4.98871338072214e-04
-2.55778402589244e-02
-2.52958438027564e-03
5.00770251194651e-04
-2.55118262839567e-02
-2.02477310056020e-03
5.02366081035039e-04
-2.54528586015862e-02
-1.51900843910252e-03
5.03624962212529e-04
-2.54040899702504e-02
-1.01278976067436e-03
5.04530176664383e-04
-2.53677778140896e-02
-5.06411495699505e-04
5.05074636208644e-04
-2.53454229698750e-02
-3.49843687955875e-16
5.05256244018469e-04
-2.53378791532804e-02
5.06411495698808e-04
5.05074636209034e-04
-2.53454229698750e-02
1.01278976067366e-03
5.04530176665155e-04
-2.53677778140897e-02
1.51900843910183e-03
5.03624962213679e-04
-2.54040899702505e-02
2.02477310055951e-03
5.02366081036569e-04
-2.54528586015863e-02
2.52958438027494e-03
5.00770251196547e-04
-2.55118262839569e-02
3.03275761752908e-03
4.98871338074482e-04
-2.55778402589246e-02
3.53352299412573e-03
4.96724504903526e-04
-2.56467123805023e-02
4.03119083070510e-03
4.94413362507842e-04
-2.57130754075805e-02
4.52549540239007e-03
4.92064566204585e-04
-2.57704223803388e-02
5.01666305883913e-03
4.89761645527825e-04
-2.58109766084797e-02
-5.04187820666107e-03
-4.92412247932481e-04
-2.77756037876627e-02
-4.54840491494405e-03
-4.93810468656338e-04
-2.77428204326198e-02
-4.05246344012625e-03
-4.95333538244529e-04
-2.76944275413464e-02
-3.55339670595345e-03
-4.96892314050211e-04
-2.76371122858813e-02
-3.05119438427075e-03
-4.98380957991542e-04
-2.75765815617291e-02
-2.54624075932349e-03
-4.99718736346721e-04
-2.75176785663804e-02
-2.03912435529971e-03
-5.00853873638144e-04
-2.74643829439130e-02
-1.53045895503870e-03
-5.01754685980799e-04
-2.74198366945831e-02
-1.02078353106450e-03
-5.02404525590531e-04
-2.73863982847667e-02
-5.10523147411442e-04
-5.02796045552107e-04
-2.73656990973707e-02
4.50644520364082e-17
-5.02926725823014e-04
-2.73586945831001e-02
5.10523147411530e-04
-5.02796045551674e-04
-2.73656990973706e-02
1.02078353106459e-03
-5.02404525589678e-04
-2.73863982847666e-02
1.53045895503878e-03
-5.01754685979527e-04
-2.74198366945830e-02
2.03912435529978e-03
-5.00853873636456e-04
-2.74643829439128e-02
2.54624075932355e-03
-4.99718736344627e-04
-2.75176785663802e-02
3.05119438427081e-03
-4.98380957989047e-04
-2.75765815617288e-02
3.55339670595349e-03
-4.96892314047299e-04
-2.76371122858809e-02
4.05246344012628e-03
-4.95333538241217e-04
-2.76944275413460e-02
4.54840491494408e-03
-4.93810468652627e-04
-2.77428204326194e-02
5.04187820666110e-03
-4.92412247928364e-04
-2.77756037876623e-02
-5.04117737075762e-03
1.81507506979805e-15
-2.77745206822119e-02
-4.54766234382360e-03
2.05833434744327e-15
-2.77419624066944e-02
-4.05168314595443e-03
2.29568111553176e-15
-2.76939709366059e-02
-3.55262743232482e-03
2.53676013250820e-15
-2.76370030418068e-02
-3.05048260368280e-03
2.76674609131144e-15
-2.75767826094511e-02
-2.54561901967730e-03
2.99385398074605e-15
-2.75181470374845e-02
-2.03861334173169e-03
3.21671104145508e-15
-2.74650737802343e-02
-1.53007024550746e-03
3.43908530980975e-15
-2.74207023379539e-02
-1.02052274420370e-03
3.66016711476570e-15
-2.73873897339760e-02
-5.10392448636950e-04
3.88328687018262e-15
-2.73667663570478e-02
-1.67319586719239e-16
4.10011426706321e-15
-2.73597871677506e-02
5.10392448636615e-04
4.31336081269008e-15
-2.73667663570478e-02
1.02052274420337e-03
4.51612637076413e-15
-2.73873897339760e-02
1.53007024550712e-03
4.70945959277328e-15
-2.74207023379539e-02
2.03861334173134e-03
4.90077145672137e-15
-2.74650737802342e-02
2.54561901967695e-03
5.08333968448097e-15
-2.75181470374845e-02
3.05048260368244e-03
5.26409512308906e-15
-2.75767826094511e-02
3.55262743232446e-03
5.43801887705977e-15
-2.76370030418068e-02
4.05168314595406e-03
5.60837151639326e-15
-2.76939709366058e-02
4.54766234382322e-03
5.77214716543156e-15
-2.77419624066942e-02
5.04117737075724e-03
5.93280810844160e-15
-2.77745206822118e-02
-5.04187820666156e-03
4.92412247936110e-04
-2.77756037876633e-02
-4.54840491494453e-03
4.93810468660461e-04
-2.77428204326205e-02
-4.05246344012673e-03
4.95333538249126e-04
-2.76944275413470e-02
-3.55339670595392e-03
4.96892314055281e-04
-2.76371122858820e-02
-3.05119438427122e-03
4.98380957997079e-04
-2.75765815617298e-02
-2.54624075932395e-03
4.99718736352712e-04
-2.75176785663812e-02
-2.03912435530016e-03
5.00853873644582e-04
-2.74643829439138e-02
-1.53045895503915e-03
5.01754685987684e-04
-2.74198366945840e-02
-1.02078353106495e-03
5.02404525597858e-04
-2.73863982847676e-02
-5.10523147411876e-04
5.02796045559878e-04
-2.73656990973716e-02
-3.80015837527751e-16
5.02926725831218e-04
-2.73586945831011e-02
5.10523147411116e-04
5.02796045560300e-04
-2.73656990973716e-02
1.02078353106419e-03
5.02404525598712e-04
-2.73863982847677e-02
1.53045895503840e-03
5.01754685988948e-04
-2.74198366945841e-02
2.03912435529941e-03
5.00853873646263e-04
-2.74643829439139e-02
2.54624075932319e-03
4.99718736354802e-04
-2.75176785663813e-02
3.05119438427046e-03
4.98380957999578e-04
-2.75765815617300e-02
3.55339670595315e-03
4.96892314058181e-04
-2.76371122858821e-02
4.05246344012595e-03
4.95333538252438e-04
-2.76944275413472e-02
4.54840491494375e-03
4.93810468664172e-04
-2.77428204326207e-02
5.04187820666078e-03
4.92412247940234e-04
-2.77756037876635e-02
-5.06214728126832e-03
-4.94777471725276e-04
-2.97503271842781e-02
-4.56663419453421e-03
-4.95411954524464e-04
-2.97220870083087e-02
-4.06914923437432e-03
-4.96223124298222e-04
-2.96799300193870e-02
-3.56876861855799e-03
-4.97134575491858e-04
-2.96294610982141e-02
-3.06524209974056e-03
-4.98039626935248e-04
-2.95755516952001e-02
-2.55877728020651e-03
-4.98867011233008e-04
-2.95225004474213e-02
-2.04982995272904e-03
-4.99572108548482e-04
-2.94740021053637e-02
-1.53895176494781e-03
-5.00130797250626e-04
-2.94331102301172e-02
-1.02669275850665e-03
-5.00532225948142e-04
-2.94022061005255e-02
-5.13557571834300e-04
-5.00773126421068e-04
-2.93829872537996e-02
5.62478019314737e-17
-5.00853342272851e-04
-2.93764685024412e-02
5.13557571834409e-04
-5.00773126420598e-04
-2.93829872537995e-02
1.02669275850675e-03
-5.00532225947210e-04
-2.94022061005255e-02
1.53895176494790e-03
-5.00130797249242e-04
-2.94331102301170e-02
2.04982995272913e-03
-4.99572108546651e-04
-2.94740021053635e-02
2.55877728020659e-03
-4.98867011230726e-04
-2.95225004474210e-02
3.06524209974062e-03
-4.98039626932520e-04
-2.95755516951998e-02
3.56876861855804e-03
-4.97134575488693e-04
-2.96294610982138e-02
4.06914923437436e-03
-4.96223124294619e-04
-2.96799300193866e-02
4.56663419453425e-03
-4.95411954520423e-04
-2.97220870083083e-02
5.06214728126836e-03
-4.94777471720788e-04
-2.97503271842777e-02
-5.06183302107382e-03
2.10396759280618e-15
-2.97493751737965e-02
-4.56625850793705e-03
2.36699365920384e-15
-2.97213225362145e-02
-4.06870829543153e-03
2.62293838796669e-15
-2.96795051368490e-02
-3.56830755069106e-03
2.87968731800874e-15
-2.96293334258546e-02
-3.06480416671503e-03
3.13520636454788e-15
-2.95756974345723e-02
-2.55839124880124e-03
3.38188170954206e-15
-2.95228895028460e-02
-2.04951246863690e-03
3.63437583069847e-15
-2.94745993009103e-02
-1.53871109167174e-03
3.87804165694231e-15
-2.94338751519871e-02
-1.02653199257748e-03
4.12164599702131e-15
-2.94030939641379e-02
-5.13477276799777e-04
4.36377722135556e-15
-2.93839501324936e-02
-1.76663654992881e-16
4.60255073818706e-15
-2.93774565918433e-02
5.13477276799420e-04
4.83246016627672e-15
-2.93839501324936e-02
1.02653199257712e-03
5.05049075014096e-15
-2.94030939641379e-02
1.53871109167138e-03
5.26167725029473e-15
-2.94338751519871e-02
2.04951246863653e-03
5.46598768835859e-15
-2.94745993009102e-02
2.55839124880086e-03
5.66529586971366e-15
-2.95228895028460e-02
3.06480416671464e-03
5.85694334405239e-15
-2.95756974345722e-02
3.56830755069066e-03
6.04562364503184e-15
-2.96293334258545e-02
4.06870829543113e-03
6.23039554432264e-15
-2.96795051368489e-02
4.56625850793665e-03
6.41144404879742e-15
-2.97213225362144e-02
5.06183302107343e-03
6.59052029564706e-15
-2.97493751737963e-02
-5.06214728126884e-03
4.94777471729492e-04
-2.97503271842787e-02
-4.56663419453472e-03
4.95411954529197e-04
-2.97220870083093e-02
-4.06914923437484e-03
4.96223124303472e-04
-2.96799300193877e-02
-3.56876861855850e-03
4.97134575497625e-04
-2.96294610982148e-02
-3.06524209974106e-03
4.98039626941517e-04
-2.95755516952009e-02
-2.55877728020701e-03
4.98867011239778e-04
-2.95225004474221e-02
-2.04982995272954e-03
4.99572108555753e-04
-2.94740021053646e-02
-1.53895176494830e-03
5.00130797258388e-04
-2.94331102301181e-02
-1.02669275850713e-03
5.00532225956389e-04
-2.94022061005265e-02
-5.13557571834777e-04
5.00773126429799e-04
-2.93829872538005e-02
-4.07965211302320e-16
5.00853342282059e-04
-2.93764685024422e-02
5.13557571833962e-04
5.00773126430270e-04
-2.93829872538006e-02
1.02669275850632e-03
5.00532225957316e-04
-2.94022061005265e-02
1.53895176494749e-03
5.00130797259770e-04
-2.94331102301181e-02
2.04982995272873e-03
4.99572108557584e-04
-2.94740021053647e-02
2.55877728020620e-03
4.98867011242056e-04
-2.95225004474222e-02
3.06524209974023e-03
4.98039626944232e-04
-2.95755516952010e-02
3.56876861855767e-03
4.97134575500785e-04
-2.96294610982150e-02
4.06914923437400e-03
4.96223124307076e-04
-2.96799300193879e-02
4.56663419453388e-03
4.95411954533250e-04
-2.97220870083095e-02
5.06214728126801e-03
4.94777471733971e-04
-2.97503271842789e-02
-5.08068777087526e-03
-4.96792766198581e-04
-3.17338704182883e-02
-4.58338653539502e-03
-4.96798419050645e-04
-3.17074941976282e-02
-4.08445875329339e-03
-4.97023524671392e-04
-3.16693482448462e-02
-3.58275091320593e-03
-4.97386005792981e-04
-3.16238570403996e-02
-3.07787343146359e-03
-4.97778280291862e-04
-3.15750164981092e-02
-2.56992123355316e-03
-4.98138796092683e-04
-3.15265700383410e-02
-2.05925901638448e-03
-4.98437618506474e-04
-3.14819205571647e-02
-1.54638301384926e-03
-4.98664540624199e-04
-3.14440058447036e-02
-1.03184188729589e-03
-4.98820490741315e-04
-3.14151924866524e-02
-5.16195732532567e-04
-4.98910713256646e-04
-3.13972062481764e-02
6.48478114221796e-17
-4.98940142470229e-04
-3.13910939843349e-02
5.16195732532693e-04
-4.98910713256144e-04
-3.13972062481763e-02
1.03184188729601e-03
-4.98820490740321e-04
-3.14151924866523e-02
1.54638301384938e-03
-4.98664540622701e-04
-3.14440058447034e-02
2.05925901638459e-03
-4.98437618504489e-04
-3.14819205571645e-02
2.56992123355326e-03
-4.98138796090208e-04
-3.15265700383407e-02
3.07787343146367e-03
-4.97778280288910e-04
-3.15750164981088e-02
3.58275091320600e-03
-4.97386005789555e-04
-3.16238570403992e-02
4.08445875329344e-03
-4.97023524667484e-04
-3.16693482448458e-02
4.58338653539508e-03
-4.96798419046263e-04
-3.17074941976277e-02
5.08068777087532e-03
-4.96792766193728e-04
-3.17338704182879e-02
-5.08068871675040e-03
2.39823309553402e-15
-3.17330821970721e-02
-4.58331224689809e-03
2.67505583919806e-15
-3.17068544151617e-02
-4.08430056589601e-03
2.95594003375881e-15
-3.16689793844397e-02
-3.58255560704196e-03
3.23836036381580e-15
-3.16237364490260e-02
-3.07768135639493e-03
3.51382628422014e-15
-3.15751362350706e-02
-2.56975458061139e-03
3.79159965947980e-15
-3.15269140754057e-02
-2.05912709398442e-03
4.06284485408641e-15
-3.14824637569257e-02
-1.54628748342693e-03
4.33680041460600e-15
-3.14447140032239e-02
-1.03178072633017e-03
4.60607341447869e-15
-3.14160238858934e-02
-5.16166085524842e-04
4.86470935017704e-15
-3.13981137420058e-02
-1.87503987485031e-16
5.12212616059835e-15
-3.13920271987672e-02
5.16166085524469e-04
5.37106558092503e-15
-3.13981137420058e-02
1.03178072632979e-03
5.60208156375620e-15
-3.14160238858934e-02
1.54628748342655e-03
5.82770439146045e-15
-3.14447140032238e-02
2.05912709398404e-03
6.04722434723218e-15
-3.14824637569256e-02
2.56975458061100e-03
6.25739471161198e-15
-3.15269140754056e-02
3.07768135639453e-03
6.46343608608729e-15
-3.15751362350705e-02
3.58255560704155e-03
6.66279938941962e-15
-3.16237364490259e-02
4.08430056589559e-03
6.86809917951414e-15
-3.16689793844396e-02
4.58331224689767e-03
7.06301589188890e-15
-3.17068544151616e-02
5.08068871674999e-03
7.25230850362514e-15
-3.17330821970720e-02
-5.08068777087582e-03
4.96792766203381e-04
-3.17338704182890e-02
-4.58338653539558e-03
4.96798419055996e-04
-3.17074941976288e-02
-4.08445875329395e-03
4.97023524677309e-04
-3.16693482448469e-02
-3.58275091320649e-03
4.97386005799455e-04
-3.16238570404003e-02
-3.07787343146415e-03
4.97778280298892e-04
-3.15750164981099e-02
-2.56992123355371e-03
4.98138796100267e-04
-3.15265700383418e-02
-2.05925901638503e-03
4.98437618514607e-04
-3.14819205571656e-02
-1.54638301384980e-03
4.98664540632873e-04
-3.14440058447045e-02
-1.03184188729642e-03
4.98820490750531e-04
-3.14151924866534e-02
-5.16195732533084e-04
4.98910713266384e-04
-3.13972062481774e-02
-4.36918939383752e-16
4.98940142480474e-04
-3.13910939843359e-02
5.16195732532213e-04
4.98910713266888e-04
-3.13972062481774e-02
1.03184188729555e-03
4.98820490751526e-04
-3.14151924866534e-02
1.54638301384893e-03
4.98664540634362e-04
-3.14440058447046e-02
2.05925901638415e-03
4.98437618516581e-04
-3.14819205571657e-02
2.56992123355284e-03
4.98138796102732e-04
-3.15265700383419e-02
3.07787343146327e-03
4.97778280301841e-04
-3.15750164981101e-02
3.58275091320560e-03
4.97386005802887e-04
-3.16238570404005e-02
4.08445875329305e-03
4.97023524681225e-04
-3.16693482448471e-02
4.58338653539470e-03
4.96798419060382e-04
-3.17074941976290e-02
5.08068777087494e-03
4.96792766208239e-04
-3.17338704182892e-02
-5.10018344012077e-03
-4.98378984547063e-04
-3.37247166246235e-02
-4.60139831139571e-03
-4.97920699459326e-04
-3.36981376767835e-02
-4.10112239839212e-03
-4.97699638892507e-04
-3.36623383667429e-02
-3.59804637269433e-03
-4.97611935723996e-04
-3.36203342125159e-02
-3.09171530799790e-03
-4.97550700481117e-04
-3.35752136833885e-02
-2.58214286700125e-03
-4.97473967919877e-04
-3.35302107037638e-02
-2.06960406797376e-03
-4.97376073785586e-04
-3.34884759344131e-02
-1.55453763556230e-03
-4.97269822053049e-04
-3.34528416914391e-02
-1.03749235731745e-03
-4.97174680229933e-04
-3.34256463192747e-02
-5.19090633850301e-04
-4.97109079646958e-04
-3.34086215777265e-02
6.76714304080745e-17
-4.97085716451279e-04
-3.34028277831864e-02
5.19090633850437e-04
-4.97109079646429e-04
-3.34086215777264e-02
1.03749235731759e-03
-4.97174680228859e-04
-3.34256463192746e-02
1.55453763556244e-03
-4.97269822051447e-04
-3.34528416914389e-02
2.06960406797388e-03
-4.97376073783446e-04
-3.34884759344128e-02
2.58214286700136e-03
-4.97473967917218e-04
-3.35302107037635e-02
3.09171530799800e-03
-4.97550700477941e-04
-3.35752136833881e-02
3.59804637269442e-03
-4.97611935720302e-04
-3.36203342125156e-02
4.10112239839220e-03
-4.97699638888299e-04
-3.36623383667425e-02
4.60139831139579e-03
-4.97920699454600e-04
-3.36981376767831e-02
5.10018344012085e-03
-4.98378984541833e-04
-3.37247166246231e-02
-5.10041431001308e-03
2.69552450029770e-15
-3.37241266783920e-02
-4.60154674984760e-03
2.99647158369940e-15
-3.36976441437333e-02
-4.10118672661574e-03
3.29985604949544e-15
-3.36620340692048e-02
-3.59807786309184e-03
3.60459120085441e-15
-3.36202292633742e-02
-3.09174779641484e-03
3.90842474451961e-15
-3.35753230165978e-02
-2.58218683746117e-03
4.20878678364589e-15
-3.35305347597258e-02
-2.06965652291775e-03
4.50896588838823e-15
-3.34889994464775e-02
-1.55458964583849e-03
4.80711521427725e-15
-3.34535350619643e-02
-1.03753390402364e-03
5.10269487026966e-15
-3.34264687410004e-02
-5.19113625365207e-04
5.38751144332329e-15
-3.34095244469878e-02
-1.98714539750157e-16
5.66007717623233e-15
-3.34037579623888e-02
5.19113625364811e-04
5.92230044335104e-15
-3.34095244469878e-02
1.03753390402325e-03
6.17149040262903e-15
-3.34264687410003e-02
1.55458964583809e-03
6.40784086896016e-15
-3.34535350619643e-02
2.06965652291735e-03
6.64086613913090e-15
-3.34889994464775e-02
2.58218683746075e-03
6.86617880196251e-15
-3.35305347597257e-02
3.09174779641442e-03
7.08357487442076e-15
-3.35753230165977e-02
3.59807786309142e-03
7.29796271062913e-15
-3.36202292633741e-02
4.10118672661531e-03
7.51076026276101e-15
-3.36620340692047e-02
4.60154674984717e-03
7.72306727498563e-15
-3.36976441437332e-02
5.10041431001265e-03
7.93128161588524e-15
-3.37241266783919e-02
-5.10018344012139e-03
4.98378984552452e-04
-3.37247166246242e-02
-4.60139831139632e-03
4.97920699465323e-04
-3.36981376767841e-02
-4.10112239839273e-03
4.97699638899109e-04
-3.36623383667436e-02
-3.59804637269493e-03
4.97611935731211e-04
-3.36203342125167e-02
-3.09171530799851e-03
4.97550700488938e-04
-3.35752136833893e-02
-2.58214286700185e-03
4.97473967928295e-04
-3.35302107037647e-02
-2.06960406797436e-03
4.97376073794601e-04
-3.34884759344139e-02
-1.55453763556290e-03
4.97269822062669e-04
-3.34528416914400e-02
-1.03749235731803e-03
4.97174680240136e-04
-3.34256463192757e-02
-5.19090633850857e-04
4.97109079657734e-04
-3.34086215777275e-02
-4.65664145641745e-16
4.97085716462602e-04
-3.34028277831875e-02
5.19090633849926e-04
4.97109079658268e-04
-3.34086215777276e-02
1.03749235731710e-03
4.97174680241203e-04
-3.34256463192757e-02
1.55453763556197e-03
4.97269822064268e-04
-3.34528416914401e-02
2.06960406797342e-03
4.97376073796731e-04
-3.34884759344140e-02
2.58214286700092e-03
4.97473967930950e-04
-3.35302107037647e-02
3.09171530799757e-03
4.97550700492111e-04
-3.35752136833894e-02
3.59804637269400e-03
4.97611935734895e-04
-3.36203342125169e-02
4.10112239839179e-03
4.97699638903320e-04
-3.36623383667438e-02
4.60139831139538e-03
4.97920699470048e-04
-3.36981376767844e-02
5.10018344012044e-03
4.98378984557696e-04
-3.37247166246244e-02
-5.12273035288047e-03
-4.99430208479363e-04
-3.57209946800605e-02
-4.62283496574296e-03
-4.98755319488568e-04
-3.56929685405274e-02
-4.12138018480560e-03
-4.98260074741333e-04
-3.56584822615882e-02
-3.61701567013976e-03
-4.97816807806653e-04
-3.56188497105895e-02
-3.10922383885160e-03
-4.97341657246983e-04
-3.55763260414861e-02
-2.59787037739368e-03
-4.96831886858582e-04
-3.55337576623651e-02
-2.08309256878359e-03
-4.96323152020953e-04
-3.54941142110403e-02
-1.56526528683001e-03
-4.95863238232057e-04
-3.54601432649227e-02
-1.04496621871610e-03
-4.95497917382111e-04
-3.54341463980253e-02
-5.22930584173832e-04
-4.95263430310876e-04
-3.54178424422557e-02
7.64929983785857e-17
-4.95182669060454e-04
-3.54122889474023e-02
5.22930584173990e-04
-4.95263430310308e-04
-3.54178424422557e-02
1.04496621871626e-03
-4.95497917380978e-04
-3.54341463980252e-02
1.56526528683017e-03
-4.95863238230339e-04
-3.54601432649225e-02
2.08309256878374e-03
-4.96323152018669e-04
-3.54941142110400e-02
2.59787037739381e-03
-4.96831886855733e-04
-3.55337576623648e-02
3.10922383885173e-03
-4.97341657243572e-04
-3.55763260414858e-02
3.61701567013988e-03
-4.97816807802705e-04
-3.56188497105891e-02
4.12138018480571e-03
-4.98260074736821e-04
-3.56584822615877e-02
4.62283496574306e-03
-4.98755319483525e-04
-3.56929685405270e-02
5.12273035288057e-03
-4.99430208473792e-04
-3.57209946800601e-02
-5.12306307900744e-03
3.01045234870297e-15
-3.57206195002760e-02
-4.62310350514665e-03
3.32785009857844e-15
-3.56926166541851e-02
-4.12160171625222e-03
3.65320110217983e-15
-3.56582223986109e-02
-3.61724082615150e-03
3.98256668217010e-15
-3.56187451646544e-02
-3.10947008853189e-03
4.30842159603040e-15
-3.55764237647924e-02
-2.59812718674730e-03
4.63841659616407e-15
-3.55340770998551e-02
-2.08333751671127e-03
4.96288498402289e-15
-3.54946481855331e-02
-1.56547412902239e-03
5.29040967731410e-15
-3.54608634942544e-02
-1.04511802191595e-03
5.60900930204721e-15
-3.54350094475521e-02
-5.23010361864740e-04
5.91774891758930e-15
-3.54187949096629e-02
-2.08911013345054e-16
6.21164889105232e-15
-3.54132718223776e-02
5.23010361864323e-04
6.48978734563432e-15
-3.54187949096629e-02
1.04511802191554e-03
6.75183174046024e-15
-3.54350094475521e-02
1.56547412902198e-03
7.00311369545732e-15
-3.54608634942543e-02
2.08333751671085e-03
7.24992656483493e-15
-3.54946481855331e-02
2.59812718674688e-03
7.48773315632424e-15
-3.55340770998549e-02
3.10947008853147e-03
7.71549553988694e-15
-3.55764237647923e-02
3.61724082615107e-03
7.93888107188370e-15
-3.56187451646542e-02
4.12160171625179e-03
8.15845236587651e-15
-3.56582223986108e-02
4.62310350514622e-03
8.37657979666520e-15
-3.56926166541850e-02
5.12306307900701e-03
8.59032555250918e-15
-3.57206195002760e-02
-5.12273035288111e-03
4.99430208485383e-04
-3.57209946800611e-02
-4.62283496574360e-03
4.98755319495230e-04
-3.56929685405281e-02
-4.12138018480625e-03
4.98260074748641e-04
-3.56584822615888e-02
-3.61701567014041e-03
4.97816807814619e-04
-3.56188497105902e-02
-3.10922383885226e-03
4.97341657255603e-04
-3.55763260414869e-02
-2.59787037739433e-03
4.96831886867857e-04
-3.55337576623659e-02
-2.08309256878424e-03
4.96323152030886e-04
-3.54941142110412e-02
-1.56526528683065e-03
4.95863238242635e-04
-3.54601432649237e-02
-1.04496621871672e-03
4.95497917393330e-04
-3.54341463980263e-02
-5.22930584174428e-04
4.95263430322712e-04
-3.54178424422568e-02
-4.91403925263913e-16
4.95182669072867e-04
-3.54122889474034e-02
5.22930584173443e-04
4.95263430323288e-04
-3.54178424422568e-02
1.04496621871574e-03
4.95497917394476e-04
-3.54341463980264e-02
1.56526528682967e-03
4.95863238244350e-04
-3.54601432649238e-02
2.08309256878326e-03
4.96323152033167e-04
-3.54941142110413e-02
2.59787037739335e-03
4.96831886870710e-04
-3.55337576623660e-02
3.10922383885128e-03
4.97341657259007e-04
-3.55763260414870e-02
3.61701567013944e-03
4.97816807818580e-04
-3.56188497105904e-02
4.12138018480528e-03
4.98260074753145e-04
-3.56584822615890e-02
4.62283496574263e-03
4.98755319500277e-04
-3.56929685405283e-02
5.12273035288015e-03
4.99430208490968e-04
-3.57209946800614e-02
-5.14937916953646e-03
-4.99911125036642e-04
-3.77203996598073e-02
-4.64893291624635e-03
-4.99365642695325e-04
-3.76908520086422e-02
-4.14685004241504e-03
-4.98792345926866e-04
-3.76572120587745e-02
-3.64181168091215e-03
-4.98068110208389e-04
-3.76191503429612e-02
-3.13296297619116e-03
-4.97174320934093e-04
-3.75783775890051e-02
-2.61980910832814e-03
-4.96189773611427e-04
-3.75375098266705e-02
-2.10227755693520e-03
-4.95217719703040e-04
-3.74993878284188e-02
-1.58071032467378e-03
-4.94355048754285e-04
-3.74666735936375e-02
-1.05580229165275e-03
-4.93681129260530e-04
-3.74416106883286e-02
-5.28517632955220e-04
-4.93253633916940e-04
-3.74258807581603e-02
7.90200378803725e-17
-4.93107279930466e-04
-3.74205207892018e-02
5.28517632955391e-04
-4.93253633916332e-04
-3.74258807581603e-02
1.05580229165293e-03
-4.93681129259316e-04
-3.74416106883285e-02
1.58071032467395e-03
-4.94355048752453e-04
-3.74666735936373e-02
2.10227755693536e-03
-4.95217719700597e-04
-3.74993878284186e-02
2.61980910832830e-03
-4.96189773608378e-04
-3.75375098266701e-02
3.13296297619131e-03
-4.97174320930454e-04
-3.75783775890048e-02
3.64181168091230e-03
-4.98068110204170e-04
-3.76191503429608e-02
4.14685004241518e-03
-4.98792345922074e-04
-3.76572120587741e-02
4.64893291624648e-03
-4.99365642689962e-04
-3.76908520086418e-02
5.14937916953658e-03
-4.99911125030725e-04
-3.77203996598069e-02
-5.14964674230765e-03
3.32865470903620e-15
-3.77201756462570e-02
-4.64919658492303e-03
3.66846372422256e-15
-3.76905812043032e-02
-4.14716765178180e-03
4.01221395741987e-15
-3.76569411400195e-02
-3.64222330698738e-03
4.36415270876285e-15
-3.76190076297281e-02
-3.13344687135981e-03
4.71759041623171e-15
-3.75784493159031e-02
-2.62031446207557e-03
5.07464294135580e-15
-3.75378317981116e-02
-2.10275127966989e-03
5.43316294386554e-15
-3.74999556596577e-02
-1.58110670020528e-03
5.78656130847423e-15
-3.74674553214200e-02
-1.05608617038462e-03
6.13144939580052e-15
-3.74425561899715e-02
-5.28665456029738e-04
6.45865101122664e-15
-3.74269286019504e-02
-2.14956776192366e-16
6.76865815879109e-15
-3.74216033955341e-02
5.28665456029306e-04
7.06525663390398e-15
-3.74269286019504e-02
1.05608617038419e-03
7.34250400972523e-15
-3.74425561899715e-02
1.58110670020485e-03
7.61927866977539e-15
-3.74674553214199e-02
2.10275127966946e-03
7.87136713682324e-15
-3.74999556596576e-02
2.62031446207514e-03
8.12127150904992e-15
-3.75378317981115e-02
3.13344687135938e-03
8.35627248519930e-15
-3.75784493159029e-02
3.64222330698696e-03
8.58545810761226e-15
-3.76190076297280e-02
4.14716765178137e-03
8.81354804919951e-15
-3.76569411400193e-02
4.64919658492261e-03
9.02766181363388e-15
-3.76905812043031e-02
5.14964674230723e-03
9.25023164864453e-15
-3.77201756462569e-02
-5.14937916953713e-03
4.99911125043300e-04
-3.77203996598080e-02
-4.64893291624703e-03
4.99365642702659e-04
-3.76908520086429e-02
-4.14685004241573e-03
4.98792345934892e-04
-3.76572120587752e-02
-3.64181168091285e-03
4.98068110217126e-04
-3.76191503429619e-02
-3.13296297619186e-03
4.97174320943532e-04
-3.75783775890060e-02
-2.61980910832884e-03
4.96189773621579e-04
-3.75375098266713e-02
-2.10227755693589e-03
4.95217719713908e-04
-3.74993878284198e-02
-1.58071032467447e-03
4.94355048765863e-04
-3.74666735936385e-02
-1.05580229165342e-03
4.93681129272794e-04
-3.74416106883297e-02
-5.28517632955849e-04
4.93253633929853e-04
-3.74258807581614e-02
-5.15546912870796e-16
4.93107279944008e-04
-3.74205207892029e-02
5.28517632954812e-04
4.93253633930459e-04
-3.74258807581614e-02
1.05580229165238e-03
4.93681129274010e-04
-3.74416106883297e-02
1.58071032467343e-03
4.94355048767688e-04
-3.74666735936386e-02
2.10227755693486e-03
4.95217719716351e-04
-3.74993878284198e-02
2.61980910832782e-03
4.96189773624616e-04
-3.75375098266714e-02
3.13296297619085e-03
4.97174320947165e-04
-3.75783775890061e-02
3.64181168091185e-03
4.98068110221343e-04
-3.76191503429621e-02
4.14685004241473e-03
4.98792345939694e-04
-3.76572120587753e-02
4.64893291624604e-03
4.99365642708025e-04
-3.76908520086431e-02
5.14937916953616e-03
4.99911125049223e-04
-3.77203996598083e-02
-5.17895978439814e-03
-5.00176208896023e-04
-3.97205565999533e-02
-4.67911824933448e-03
-4.99908997924943e-04
-3.96903944836640e-02
-4.17852532725206e-03
-4.99438196202079e-04
-3.96573364059200e-02
-3.67488852289049e-03
-4.98455319787053e-04
-3.96204198976508e-02
-3.16625906555998e-03
-4.97081837182815e-04
-3.95810676031662e-02
-2.65155594937214e-03
-4.95538641670527e-04
-3.95417069432504e-02
-2.13054342829140e-03
-4.94022601130174e-04
-3.95050224329438e-02
-1.60368925468547e-03
-4.92690344108120e-04
-3.94735504881336e-02
-1.07200422947342e-03
-4.91658943807396e-04
-3.94494398579098e-02
-5.36890079603619e-04
-4.91008895349537e-04
-3.94343067115898e-02
8.03830623071824e-17
-4.90787086311345e-04
-3.94291498463353e-02
5.36890079603770e-04
-4.91008895348903e-04
-3.94343067115898e-02
1.07200422947357e-03
-4.91658943806099e-04
-3.94494398579097e-02
1.60368925468562e-03
-4.92690344106159e-04
-3.94735504881334e-02
2.13054342829155e-03
-4.94022601127567e-04
-3.95050224329435e-02
2.65155594937229e-03
-4.95538641667278e-04
-3.95417069432501e-02
3.16625906556013e-03
-4.97081837178938e-04
-3.95810676031659e-02
3.67488852289065e-03
-4.98455319782562e-04
-3.96204198976504e-02
4.17852532725222e-03
-4.99438196196980e-04
-3.96573364059196e-02
4.67911824933465e-03
-4.99908997919257e-04
-3.96903944836636e-02
5.17895978439832e-03
-5.00176208889781e-04
-3.97205565999529e-02
-5.17914192981286e-03
3.66618616905900e-15
-3.97203747073129e-02
-4.67933665452324e-03
4.01067072462584e-15
-3.96901303879419e-02
-4.17887334125532e-03
4.36397624322542e-15
-3.96570215815361e-02
-3.67540167699324e-03
4.74626893946716e-15
-3.96202279409156e-02
-3.16688094238494e-03
5.13290472748285e-15
-3.95811130942366e-02
-2.65220682123584e-03
5.51751123077195e-15
-3.95420322289961e-02
-2.13115084578007e-03
5.90871849976249e-15
-3.95056211064469e-02
-1.60419482032047e-03
6.29868179675307e-15
-3.94743854776117e-02
-1.07236476062886e-03
6.66560640475605e-15
-3.94504548559823e-02
-5.37077312002952e-04
7.01426073671661e-15
-3.94354338062256e-02
-2.21677975865885e-16
7.33202946496936e-15
-3.94303149505464e-02
5.37077312002501e-04
7.64286114188987e-15
-3.94354338062255e-02
1.07236476062840e-03
7.95791222464634e-15
-3.94504548559823e-02
1.60419482032001e-03
8.23990638733542e-15
-3.94743854776117e-02
2.13115084577962e-03
8.51681397910556e-15
-3.95056211064468e-02
2.65220682123539e-03
8.76186425386160e-15
-3.95420322289960e-02
3.16688094238451e-03
9.00102640637579e-15
-3.95811130942365e-02
3.67540167699282e-03
9.23295316820685e-15
-3.96202279409155e-02
4.17887334125490e-03
9.46094691615587e-15
-3.96570215815360e-02
4.67933665452284e-03
9.68995323096749e-15
-3.96901303879418e-02
5.17914192981247e-03
9.90724311096090e-15
-3.97203747073128e-02
-5.17895978439883e-03
5.00176208903357e-04
-3.97205565999539e-02
-4.67911824933517e-03
4.99908997932961e-04
-3.96903944836647e-02
-4.17852532725275e-03
4.99438196210810e-04
-3.96573364059207e-02
-3.67488852289119e-03
4.98455319796544e-04
-3.96204198976516e-02
-3.16625906556069e-03
4.97081837193083e-04
-3.95810676031671e-02
-2.65155594937285e-03
4.95538641681569e-04
-3.95417069432513e-02
-2.13054342829210e-03
4.94022601142001e-04
-3.95050224329448e-02
-1.60368925468616e-03
4.92690344120705e-04
-3.94735504881346e-02
-1.07200422947408e-03
4.91658943820723e-04
-3.94494398579109e-02
-5.36890079604253e-04
4.91008895363569e-04
-3.94343067115910e-02
-5.29415692723540e-16
4.90787086325991e-04
-3.94291498463364e-02
5.36890079603195e-04
4.91008895364188e-04
-3.94343067115910e-02
1.07200422947301e-03
4.91658943822009e-04
-3.94494398579109e-02
1.60368925468508e-03
4.92690344122640e-04
-3.94735504881347e-02
2.13054342829105e-03
4.94022601144597e-04
-3.95050224329448e-02
2.65155594937181e-03
4.95538641684806e-04
-3.95417069432514e-02
3.16625906555967e-03
4.97081837196938e-04
-3.95810676031672e-02
3.67488852289019e-03
4.98455319801032e-04
-3.96204198976517e-02
4.17852532725177e-03
4.99438196215907e-04
-3.96573364059208e-02
4.67911824933421e-03
4.99908997938632e-04
-3.96903944836649e-02
5.17895978439787e-03
5.00176208909596e-04
-3.97205565999542e-02
-4.87321977797242e-03
-4.82411127401937e-04
-1.99816344367938e-02
-4.38805247681908e-03
-4.86452236213557e-04
-1.98987704616429e-02
-3.89910726724038e-03
-4.92302667670801e-04
-1.97924880117637e-02
-3.40657493829295e-03
-4.97587695366106e-04
-1.96844157529945e-02
-2.91314343069215e-03
-5.02124012326718e-04
-1.95805055256988e-02
-2.42070168217685e-03
-5.06042281844543e-04
-1.94875275427485e-02
-1.93080557245502e-03
-5.09200237233688e-04
-1.94089023928037e-02
-1.44414548754626e-03
-5.11637294403770e-04
-1.93467388952201e-02
-9.60662522754401e-04
-5.13350877387024e-04
-1.93019947746828e-02
-4.79657264432127e-04
-5.14369597124214e-04
-1.92750722259105e-02
1.44936462748526e-17
-5.14706531426037e-04
-1.92660904533910e-02
4.79657264432156e-04
-5.14369597123941e-04
-1.92750722259105e-02
9.60662522754426e-04
-5.13350877386490e-04
-1.93019947746827e-02
1.44414548754629e-03
-5.11637294402964e-04
-1.93467388952200e-02
1.93080557245504e-03
-5.09200237232620e-04
-1.94089023928035e-02
2.42070168217688e-03
-5.06042281843211e-04
-1.94875275427483e-02
2.91314343069217e-03
-5.02124012325121e-04
-1.95805055256985e-02
3.40657493829297e-03
-4.97587695364251e-04
-1.96844157529942e-02
3.89910726724039e-03
-4.92302667668667e-04
-1.97924880117633e-02
4.38805247681909e-03
-4.86452236211171e-04
-1.98987704616425e-02
4.87321977797243e-03
-4.82411127399276e-04
-1.99816344367933e-02
-4.87173645335932e-03
8.33320364142490e-16
-1.99808542161948e-02
-4.38549801730163e-03
1.00263095380634e-15
-1.98980669924558e-02
-3.89639540483664e-03
1.16438011585170e-15
-1.97921991031877e-02
-3.40425605189094e-03
1.31953166357080e-15
-1.96846898349663e-02
-2.91113227040727e-03
1.47056828993099e-15
-1.95811522102234e-02
-2.41904835172045e-03
1.61068953954657e-15
-1.94885201700528e-02
-1.92950162200897e-03
1.74718770530192e-15
-1.94101611515697e-02
-1.44318554127969e-03
1.88787606142143e-15
-1.93482023443967e-02
-9.60031667131359e-04
2.02640439153889e-15
-1.93035988918941e-02
-4.79345118545057e-04
2.16130289595097e-15
-1.92767591864259e-02
-1.22484198419259e-16
2.29378147655268e-15
-1.92678045160852e-02
4.79345118544813e-04
2.43052176066215e-15
-1.92767591864259e-02
9.60031667131116e-04
2.56148718900949e-15
-1.93035988918941e-02
1.44318554127945e-03
2.69298236971609e-15
-1.93482023443967e-02
1.92950162200872e-03
2.81869554154909e-15
-1.94101611515697e-02
2.41904835172021e-03
2.94580067691199e-15
-1.94885201700528e-02
2.91113227040702e-03
3.06265069429984e-15
-1.95811522102233e-02
3.40425605189069e-03
3.18006060150012e-15
-1.96846898349662e-02
3.89639540483639e-03
3.29314744963761e-15
-1.97921991031877e-02
4.38549801730137e-03
3.39510598766229e-15
-1.98980669924558e-02
4.87173645335907e-03
3.49527919949707e-15
-1.99808542161947e-02
-4.87321977797276e-03
4.82411127403615e-04
-1.99816344367942e-02
-4.38805247681941e-03
4.86452236215563e-04
-1.98987704616433e-02
-3.89910726724070e-03
4.92302667673132e-04
-1.97924880117642e-02
-3.40657493829326e-03
4.97587695368751e-04
-1.96844157529951e-02
-2.91314343069245e-03
5.02124012329666e-04
-1.95805055256994e-02
-2.42070168217714e-03
5.06042281847772e-04
-1.94875275427492e-02
-1.93080557245530e-03
5.09200237237189e-04
-1.94089023928044e-02
-1.44414548754654e-03
5.11637294407555e-04
-1.93467388952208e-02
-9.60662522754679e-04
5.13350877391081e-04
-1.93019947746835e-02
-4.79657264432402e-04
5.14369597128538e-04
-1.92750722259113e-02
-2.55754685067220e-16
5.14706531430637e-04
-1.92660904533918e-02
4.79657264431889e-04
5.14369597128810e-04
-1.92750722259113e-02
9.60662522754164e-04
5.13350877391621e-04
-1.93019947746836e-02
1.44414548754603e-03
5.11637294408353e-04
-1.93467388952209e-02
1.93080557245479e-03
5.09200237238266e-04
-1.94089023928045e-02
2.42070168217663e-03
5.06042281849106e-04
-1.94875275427493e-02
2.91314343069194e-03
5.02124012331254e-04
-1.95805055256996e-02
3.40657493829274e-03
4.97587695370613e-04
-1.96844157529953e-02
3.89910726724018e-03
4.92302667675257e-04
-1.97924880117644e-02
4.38805247681889e-03
4.86452236217959e-04
-1.98987704616436e-02
4.87321977797224e-03
4.82411127406273e-04
-1.99816344367944e-02
-1.32075015016206e-06
-3.49149138353425e-07
4.15208128543699e-07
-2.10590499179004e-07
-2.02433175375563e-07
-2.37084740728532e-06
-3.80010268439638e-08
-3.91676173146835e-08
2.20941434376430e-07
5.32126424173908e-07
6.47123737716483e-08
7.14374660555099e-07
8.70930833490731e-07
1.32777684681040e-07
1.41400169619480e-06
1.05428227153350e-06
1.52471748443956e-07
1.70440324877569e-06
1.03493911700108e-06
1.57211881914137e-07
1.87949754520527e-06
8.56451081847223e-07
1.48838748395523e-07
1.94090754362026e-06
5.59867649255469e-07
1.40266362964573e-07
1.95968967374155e-06
1.94232156207396e-07
1.34462032474727e-07
1.96076308467044e-06
-1.94232156205753e-07
1.34462032474574e-07
1.96076308467058e-06
-5.59867649252503e-07
1.40266362963608e-07
1.95968967374045e-06
-8.56451081845485e-07
1.48838748397318e-07
1.94090754361719e-06
-1.03493911699864e-06
1.57211881914982e-07
1.87949754520632e-06
-1.05428227153143e-06
1.52471748442507e-07
1.70440324877518e-06
-8.70930833487344e-07
1.32777684681796e-07
1.41400169619453e-06
-5.32126424173362e-07
6.47123737704047e-08
7.14374660549484e-07
3.80010268463404e-08
-3.91676173141241e-08
2.20941434370377e-07
2.10590499181540e-07
-2.02433175376735e-07
-2.37084740728606e-06
1.32075015016288e-06
-3.49149138352445e-07
4.15208128541591e-07
-1.32075015016310e-06
3.49149138351329e-07
4.15208128537788e-07
-2.10590499180502e-07
2.02433175374027e-07
-2.37084740729477e-06
-3.80010268467652e-08
3.91676173134576e-08
2.20941434372277e-07
5.32126424172459e-07
-6.47123737727167e-08
7.14374660549043e-07
8.70930833488679e-07
-1.32777684681960e-07
1.41400169619632e-06
1.05428227153102e-06
-1.52471748446207e-07
1.70440324876738e-06
1.03493911699965e-06
-1.57211881917642e-07
1.87949754520023e-06
8.56451081845682e-07
-1.48838748397928e-07
1.94090754361846e-06
5.59867649253168e-07
-1.40266362968235e-07
1.95968967373558e-06
1.94232156205448e-07
-1.34462032478220e-07
1.96076308466133e-06
-1.94232156207013e-07
-1.34462032477778e-07
1.96076308465829e-06
-5.59867649253922e-07
-1.40266362966684e-07
1.95968967373629e-06
-8.56451081847224e-07
-1.48838748400081e-07
1.94090754361411e-06
-1.03493911699946e-06
-1.57211881918626e-07
1.87949754519930e-06
-1.05428227153310e-06
-1.52471748444871e-07
1.70440324876493e-06
-8.70930833488964e-07
-1.32777684683908e-07
1.41400169619209e-06
-5.32126424174513e-07
-6.47123737719204e-08
7.14374660548301e-07
3.80010268451142e-08
3.91676173140846e-08
2.20941434370039e-07
2.10590499180424e-07
2.02433175372890e-07
-2.37084740728707e-06
1.32075015016222e-06
3.49149138352562e-07
4.15208128540691e-07
-4.24665235429583e-07
5.18584000960494e-07
-6.35411023225129e-06
-5.80204164558887e-07
2.16779489338193e-07
-5.23540134624420e-08
-1.28483235410698e-07
-3.96716317985820e-08
-9.14087902767275e-08
2.27517789627300e-07
-1.20972428441224e-07
1.22781534791832e-06
5.67773038348702e-07
-1.97033812163744e-07
1.64624324225622e-06
7.44414138728173e-07
-2.12901361283660e-07
1.96583926534807e-06
7.70760846830576e-07
-2.14438379960209e-07
2.06474012541947e-06
6.55704145487010e-07
-2.02025956457904e-07
2.08955879481702e-06
4.36137532081550e-07
-1.90489435196036e-07
2.07498586752985e-06
1.52490367862491e-07
-1.83046368163217e-07
2.06091025404455e-06
-1.52490367864413e-07
-1.83046368164019e-07
2.06091025405199e-06
-4.36137532083379e-07
-1.90489435197231e-07
2.07498586753253e-06
-6.55704145489276e-07
-2.02025956458084e-07
2.08955879481480e-06
-7.70760846832049e-07
-2.14438379958412e-07
2.06474012541470e-06
-7.44414138729610e-07
-2.12901361283259e-07
1.96583926533927e-06
-5.67773038348742e-07
-1.97033812165010e-07
1.64624324225320e-06
-2.27517789628216e-07
-1.20972428441602e-07
1.22781534791626e-06
1.28483235408138e-07
-3.96716318004255e-08
-9.14087902803955e-08
5.80204164558176e-07
2.16779489338685e-07
-5.23540134646178e-08
4.24665235427575e-07
5.18584000961076e-07
-6.35411023226033e-06
-4.24665235428749e-07
-5.18584000960461e-07
-6.35411023225254e-06
-5.80204164557180e-07
-2.16779489340180e-07
-5.23540134532076e-08
-1.28483235407976e-07
3.96716317976955e-08
-9.14087902727602e-08
2.27517789628424e-07
1.20972428437993e-07
1.22781534792499e-06
5.67773038350139e-07
1.97033812161036e-07
1.64624324225499e-06
7.44414138729398e-07
2.12901361283903e-07
1.96583926535410e-06
7.70760846832607e-07
2.14438379956588e-07
2.06474012542826e-06
6.55704145488298e-07
2.02025956455223e-07
2.08955879482250e-06
4.36137532083197e-07
1.90489435195827e-07
2.07498586753320e-06
1.52490367863984e-07
1.83046368161310e-07
2.06091025405307e-06
-1.52490367862943e-07
1.83046368159757e-07
2.06091025405579e-06
-4.36137532081924e-07
1.90489435194219e-07
2.07498586753696e-06
-6.55704145487513e-07
2.02025956454941e-07
2.08955879482285e-06
-7.70760846829397e-07
2.14438379955701e-07
2.06474012542493e-06
-7.44414138728581e-07
2.12901361280964e-07
1.96583926534336e-06
-5.67773038347450e-07
1.97033812162937e-07
1.64624324225742e-06
-2.27517789627624e-07
1.20972428441761e-07
1.22781534792001e-06
1.28483235409898e-07
3.96716317994657e-08
-9.14087902702376e-08
5.80204164558616e-07
-2.16779489337369e-07
-5.23540134515795e-08
4.24665235428716e-07
-5.18584000960460e-07
-6.35411023225312e-06
-9.64786855494512e+01
2.54919093409265e-01
-5.30048827263665e-02
-9.79706594640284e+01
6.78078672666461e-01
-2.73486186170413e-02
-9.88973158203911e+01
7.63316590492554e-01
1.31382449333811e-04
-9.97709207459369e+01
7.27200975138663e-01
1.21449294423548e-02
-1.00404800391907e+02
6.01361287342398e-01
2.14035672337646e-02
-1.00870014014447e+02
4.53277346805480e-01
2.36249961161295e-02
-1.01182225117300e+02
3.13119125271354e-01
2.38919685530046e-02
-1.01381399113580e+02
1.96889266181093e-01
2.24344693978572e-02
-1.01496030064818e+02
1.05927623890053e-01
2.10395209485575e-02
-1.01547949718141e+02
3.31292675818455e-02
2.01348674656501e-02
-1.01547949718141e+02
-3.31292675813489e-02
2.01348674656222e-02
-1.01496030064818e+02
-1.05927623889504e-01
2.10395209484555e-02
-1.01381399113580e+02
-1.96889266180648e-01
2.24344693980794e-02
-1.01182225117300e+02
-3.13119125270658e-01
2.38919685530272e-02
-1.00870014014447e+02
-4.53277346804997e-01
2.36249961160001e-02
-1.00404800391907e+02
-6.01361287341640e-01
2.14035672340175e-02
-9.97709207459369e+01
-7.27200975138441e-01
1.21449294422676e-02
-9.88973158203910e+01
-7.63316590491400e-01
1.31382449339728e-04
-9.79706594640282e+01
-6.78078672665799e-01
-2.73486186170803e-02
-9.64786855494507e+01
-2.54919093408762e-01
-5.30048827257268e-02
-9.64786855494526e+01
2.54919093408659e-01
5.30048827258910e-02
-9.79706594640303e+01
6.78078672665510e-01
2.73486186172700e-02
-9.88973158203924e+01
7.63316590491259e-01
-1.31382449290994e-04
-9.97709207459389e+01
7.27200975137708e-01
-1.21449294423038e-02
-1.00404800391908e+02
6.01361287341404e-01
-2.14035672337726e-02
-1.00870014014449e+02
4.53277346804363e-01
-2.36249961161336e-02
-1.01182225117302e+02
3.13119125270389e-01
-2.38919685530415e-02
-1.01381399113582e+02
1.96889266180098e-01
-2.24344693977579e-02
-1.01496030064820e+02
1.05927623888987e-01
-2.10395209485441e-02
-1.01547949718143e+02
3.31292675808064e-02
-2.01348674656263e-02
-1.01547949718143e+02
-3.31292675822425e-02
-2.01348674655248e-02
-1.01496030064820e+02
-1.05927623890422e-01
-2.10395209484382e-02
-1.01381399113582e+02
-1.96889266181389e-01
-2.24344693979070e-02
-1.01182225117302e+02
-3.13119125271684e-01
-2.38919685530362e-02
-1.00870014014449e+02
-4.53277346805753e-01
-2.36249961159919e-02
-1.00404800391908e+02
-6.01361287342507e-01
-2.14035672339270e-02
-9.97709207459383e+01
-7.27200975139103e-01
-1.21449294420714e-02
-9.88973158203924e+01
-7.63316590492316e-01
-1.31382449139154e-04
-9.79706594640299e+01
-6.78078672666503e-01
2.73486186170390e-02
-9.64786855494524e+01
-2.54919093409133e-01
5.30048827264565e-02
