40
-1.10218605095367e-02
-3.92109561706500e-04
-1.73472347597681e-18
2.16840434497101e-19
-3.46944695195361e-18
-2.16840434497101e-19
-9.20034440417073e-02
3.48541832628000e-04
4.06762460905589e-02
0.00000000000000e+00
1.17961196366423e-16
-2.71050543121376e-20
-1.17961196366423e-16
5.42101086242752e-20
6.24500451351651e-17
-5.42101086242752e-20
0.00000000000000e+00
0.00000000000000e+00
4.98307879869117e-02
-1.98525103013272e-05
-1.51924221754201e-02
4.40568042338272e-05
6.24500451351651e-17
5.08219768352580e-20
-6.24500451351651e-17
-7.79270311473956e-20
0.00000000000000e+00
1.05032085459533e-19
0.00000000000000e+00
-1.05032085459533e-19
6.24500451351651e-17
1.05032085459533e-19
0.00000000000000e+00
-5.42101086242752e-20
-6.24500451351651e-17
-5.08219768352580e-20
6.24500451351651e-17
1.05032085459533e-19
2.77106926491933e-02
1.93634351459999e-05
