40
1.46659751115419e+05
6.19451430303494e-08
1.32068653266851e+05
6.95380508842652e-15
1.17477554330946e+05
-6.42921470102654e-15
1.02886456214424e+05
-1.13716043960612e-08
2.68097373600732e+04
-2.12535682647138e-08
-1.93570119546414e+04
-1.12928550925389e-15
-6.55237596801220e+04
1.26160975779457e-23
-1.11690507405603e+05
-9.02050976823116e-22
-1.57857255131082e+05
-4.66618847502435e-15
-2.04023997510437e+05
-2.48840710748611e-08
-2.19363126284692e+05
8.59520334498632e-09
-2.65529873046114e+05
3.04464596720805e-16
-3.11696620771594e+05
3.78483897796724e-23
-3.57863368497075e+05
1.26161299265575e-23
-4.04030116222556e+05
-3.78483897796724e-23
-4.50196863948036e+05
0.00000000000000e+00
-4.96363611673517e+05
-2.52322598531149e-23
-5.42530359398997e+05
-1.00929039412460e-22
-5.88697107124478e+05
-1.23988898431010e-15
-6.34863851563141e+05
-1.30310964333905e-08
