1 40 1 40
1 1 2.24706636280055e-07
1 2 1.25000017976531e+05
1 3 -2.24706636280055e-07
1 4 -8.68631590870089e-02
2 2 -1.25000000000000e+04
2 1 7.99407873000000e-08
2 3 -7.99407873000000e-08
2 4 1.30703187235500e-03
3 3 4.49413272560111e-07
3 1 -2.24706636280055e-07
3 2 -1.79765309024044e-02
3 4 1.25000104839690e+05
3 5 -2.24706636280055e-07
3 6 -8.68631590870089e-02
4 4 -1.25000013070319e+04
4 1 -7.99407873000000e-08
4 2 0.00000000000000e+00
4 3 1.59881574600000e-07
4 5 -7.99407873000000e-08
4 6 1.30703187235500e-03
5 5 4.49413272560111e-07
5 3 -2.24706636280055e-07
5 4 -1.79765309024044e-02
5 6 1.25000104839690e+05
5 7 -2.24706636280055e-07
5 8 -8.68631590870089e-02
6 6 -1.25000013070319e+04
6 3 -7.99407873000000e-08
6 4 0.00000000000000e+00
6 5 1.59881574600000e-07
6 7 -7.99407873000000e-08
6 8 1.30703187235500e-03
7 7 1.49583932661002e-06
7 5 -2.24706636280055e-07
7 6 -1.79765309024044e-02
7 8 1.25000188553774e+05
7 9 -1.27113269032997e-06
7 10 -4.23644691949035e-01
8 8 -1.25000013070319e+04
8 5 -7.99407873000000e-08
8 6 0.00000000000000e+00
8 7 8.88230970000000e-08
8 9 -8.88230970000000e-09
8 10 4.35677290785000e-04
9 9 2.54226538065994e-06
9 7 -1.27113269032997e-06
9 8 -1.01690615226397e-01
9 10 1.25000525335307e+05
9 11 -1.27113269032997e-06
9 12 -2.96531422916038e-01
10 10 -1.25000004356773e+04
10 7 -8.88230970000000e-09
10 8 0.00000000000000e+00
10 9 1.77646194000000e-08
10 11 -8.88230970000000e-09
10 12 4.35677290785000e-04
11 11 2.54226538065994e-06
11 9 -1.27113269032997e-06
11 10 -1.01690615226397e-01
11 12 1.25000398222038e+05
11 13 -1.27113269032997e-06
11 14 -2.96531422916038e-01
12 12 -1.25000004356773e+04
12 9 -8.88230970000000e-09
12 10 0.00000000000000e+00
12 11 1.77646194000000e-08
12 13 -8.88230970000000e-09
12 14 4.35677290785000e-04
13 13 2.54226538065994e-06
13 11 -1.27113269032997e-06
13 12 -1.01690615226397e-01
13 14 1.25000398222038e+05
13 15 -1.27113269032997e-06
13 16 -2.96531422916038e-01
14 14 -1.25000004356773e+04
14 11 -8.88230970000000e-09
14 12 0.00000000000000e+00
14 13 1.77646194000000e-08
14 15 -8.88230970000000e-09
14 16 4.35677290785000e-04
15 15 2.54226538065994e-06
15 13 -1.27113269032997e-06
15 14 -1.01690615226397e-01
15 16 1.25000398222038e+05
15 17 -1.27113269032997e-06
15 18 -2.96531422916038e-01
16 16 -1.25000004356773e+04
16 13 -8.88230970000000e-09
16 14 0.00000000000000e+00
16 15 1.77646194000000e-08
16 17 -8.88230970000000e-09
16 18 4.35677290785000e-04
17 17 2.54226538065994e-06
17 15 -1.27113269032997e-06
17 16 -1.01690615226397e-01
17 18 1.25000398222038e+05
17 19 -1.27113269032997e-06
17 20 -2.96531422916038e-01
18 18 -1.25000004356773e+04
18 15 -8.88230970000000e-09
18 16 0.00000000000000e+00
18 17 1.77646194000000e-08
18 19 -8.88230970000000e-09
18 20 4.35677290785000e-04
19 19 2.05108483710916e-06
19 17 -1.27113269032997e-06
19 18 -1.01690615226397e-01
19 20 1.25000358873641e+05
19 21 -7.79952146779189e-07
19 22 -1.33223116745154e-01
20 20 -1.25000001990553e+04
20 17 -8.88230970000000e-09
20 18 0.00000000000000e+00
20 19 1.66317014007679e-08
20 21 -7.74939170077858e-09
20 22 3.88966253973035e-04
21 21 1.34490000914806e-06
21 19 -7.79952146779189e-07
21 20 -6.23422181710143e-02
21 22 1.25000201016861e+05
21 23 -5.64947862368875e-07
21 24 -1.54389658012994e-01
22 22 -1.25000003889663e+04
22 19 -7.74939170076793e-09
22 20 -2.36621968305309e-04
22 21 1.16970849007786e-08
22 23 -3.94769320000000e-09
22 24 1.93634351460000e-04
23 23 1.12989572473775e-06
23 21 -5.64947862368875e-07
23 22 -6.77937434842650e-02
23 24 1.25000222183401e+05
23 25 -5.64947862368875e-07
23 26 -1.54389658012994e-01
24 24 -1.25000001936343e+04
24 21 -3.94769320000000e-09
24 22 0.00000000000000e+00
24 23 7.89538640000000e-09
24 25 -3.94769320000000e-09
24 26 1.93634351460000e-04
25 25 1.12989572473775e-06
25 23 -5.64947862368875e-07
25 24 -6.77937434842650e-02
25 26 1.25000222183402e+05
25 27 -5.64947862368875e-07
25 28 -1.54389658012994e-01
26 26 -1.25000001936344e+04
26 23 -3.94769320000000e-09
26 24 0.00000000000000e+00
26 25 7.89538640000000e-09
26 27 -3.94769320000000e-09
26 28 1.93634351460001e-04
27 27 1.12989572473775e-06
27 25 -5.64947862368875e-07
27 26 -6.77937434842650e-02
27 28 1.25000222183401e+05
27 29 -5.64947862368875e-07
27 30 -1.54389658012994e-01
28 28 -1.25000001936343e+04
28 25 -3.94769320000000e-09
28 26 0.00000000000000e+00
28 27 7.89538640000000e-09
28 29 -3.94769320000000e-09
28 30 1.93634351459999e-04
29 29 1.12989572473775e-06
29 27 -5.64947862368875e-07
29 28 -6.77937434842650e-02
29 30 1.25000222183402e+05
29 31 -5.64947862368875e-07
29 32 -1.54389658012994e-01
30 30 -1.25000001936344e+04
30 27 -3.94769320000000e-09
30 28 0.00000000000000e+00
30 29 7.89538640000000e-09
30 31 -3.94769320000000e-09
30 32 1.93634351460001e-04
31 31 1.12989572473775e-06
31 29 -5.64947862368875e-07
31 30 -6.77937434842650e-02
31 32 1.25000222183401e+05
31 33 -5.64947862368875e-07
31 34 -1.54389658012994e-01
32 32 -1.25000001936343e+04
32 29 -3.94769320000000e-09
32 30 0.00000000000000e+00
32 31 7.89538640000000e-09
32 33 -3.94769320000000e-09
32 34 1.93634351459999e-04
33 33 1.12989572473775e-06
33 31 -5.64947862368875e-07
33 32 -6.77937434842650e-02
33 34 1.25000222183402e+05
33 35 -5.64947862368875e-07
33 36 -1.54389658012994e-01
34 34 -1.25000001936344e+04
34 31 -3.94769320000000e-09
34 32 0.00000000000000e+00
34 33 7.89538640000000e-09
34 35 -3.94769320000000e-09
34 36 1.93634351460000e-04
35 35 1.12989572473775e-06
35 33 -5.64947862368875e-07
35 34 -6.77937434842650e-02
35 36 1.25000222183401e+05
35 37 -5.64947862368875e-07
35 38 -1.54389658012994e-01
36 36 -1.25000001936343e+04
36 33 -3.94769320000000e-09
36 34 0.00000000000000e+00
36 35 7.89538640000000e-09
36 37 -3.94769320000000e-09
36 38 1.93634351460001e-04
37 37 1.12989572473775e-06
37 35 -5.64947862368875e-07
37 36 -6.77937434842650e-02
37 38 1.25000222183401e+05
37 39 -5.64947862368875e-07
37 40 -1.54389658012994e-01
38 38 -1.25000001936344e+04
38 35 -3.94769320000000e-09
38 36 0.00000000000000e+00
38 37 7.89538640000000e-09
38 39 -3.94769320000000e-09
38 40 1.93634351459999e-04
39 39 5.64947862368875e-07
39 37 -5.64947862368875e-07
39 38 -6.77937434842650e-02
39 40 1.25000154389658e+05
40 40 -1.25000001936343e+04
40 37 -3.94769320000000e-09
40 38 0.00000000000000e+00
40 39 3.94769320000000e-09
