987.2059626
992.1543496
992.2039589
992.2535682
992.3031775
992.3528028
992.4024121
992.4520374
992.5016627
992.551288
992.6009133
992.6505546
992.70018
992.7498213
992.7994626
992.849104
992.8987453
992.9483866
992.998044
993.0476853
993.0973427
993.147
993.1966574
993.2463147
993.2959881
993.3456454
993.3953188
993.4449922
993.4946655
993.5443389
993.5940123
993.6437016
993.693375
993.7430644
993.7927538
993.8424432
993.8921326
993.941838
993.9915274
994.0412328
994.0909382
994.1406436
994.190349
994.2400704
994.2897758
994.3394972
994.3892026
994.4389241
994.4886615
994.5383829
994.5881044
994.6378418
994.6875792
994.7373007
994.7870381
994.8367916
994.886529
994.9362825
994.9860199
995.0357734
995.0855268
995.1352803
995.1850338
995.2348032
995.2845567
995.3343262
995.3840957
995.4338651
995.4836346
995.5334201
995.5831896
995.6329751
995.6827606
995.7325461
995.7823316
995.8321171
995.8819186
1000.623603