1.260063266
1.539041462
1.542117014
1.545208584
1.548300155
1.551407744
1.554515333
1.557622922
1.560746529
1.563870137
1.566993744
1.57013337
1.573272996
1.576428641
1.579584285
1.58273993
1.585911593
1.589083256
1.592270937
1.595458619
1.5986463
1.60185
1.6050537
1.608273419
1.611493137
1.614712856
1.617948593
1.62118433
1.624436085
1.627687841
1.630939596
1.63420737
1.637475144
1.640758937
1.644042729
1.64734254
1.650626333
1.653942162
1.657241973
1.660573821
1.663889651
1.667221499
1.670553347
1.673901213
1.67724908
1.680612965
1.68397685
1.687356753
1.690720638
1.69411656
1.697496464
1.700908404
1.704304326
1.707716267
1.711144226
1.714572185
1.718000144
1.721444121
1.724888099
1.728332076
1.731792072
1.735268087
1.738744101
1.742220116
1.745712149
1.749204182
1.752696215
1.756204266
1.759728336
1.763252406
1.766776476
1.770316565
1.773856653
1.77741276
1.780968867
1.784540993
1.788113118
2.162273241