1.9306E+07
2.6201E+07
2.6270E+07
2.6339E+07
2.6408E+07
2.6477E+07
2.6546E+07
2.6615E+07
2.6684E+07
2.6753E+07
2.6822E+07
2.6891E+07
2.6959E+07
2.7028E+07
2.7097E+07
2.7166E+07
2.7235E+07
2.7304E+07
2.7373E+07
2.7442E+07
2.7511E+07
2.7580E+07
2.7649E+07
2.7718E+07
2.7787E+07
2.7856E+07
2.7925E+07
2.7994E+07
2.8063E+07
2.8132E+07
2.8201E+07
2.8270E+07
2.8338E+07
2.8407E+07
2.8476E+07
2.8545E+07
2.8614E+07
2.8683E+07
2.8752E+07
2.8821E+07
2.8890E+07
2.8959E+07
2.9028E+07
2.9097E+07
2.9166E+07
2.9235E+07
2.9304E+07
2.9373E+07
2.9442E+07
2.9511E+07
2.9580E+07
2.9649E+07
2.9717E+07
2.9786E+07
2.9855E+07
2.9924E+07
2.9993E+07
3.0062E+07
3.0131E+07
3.0200E+07
3.0269E+07
3.0338E+07
3.0407E+07
3.0476E+07
3.0545E+07
3.0614E+07
3.0683E+07
3.0752E+07
3.0821E+07
3.0890E+07
3.0959E+07
3.1028E+07
3.1096E+07
3.1165E+07
3.1234E+07
3.1303E+07
3.1372E+07
3.7923E+07