0.000039331
0.000048039
0.000048136
0.000048232
0.000048329
0.000048425
0.000048522
0.000048619
0.000048717
0.000048814
0.000048912
0.00004901
0.000049108
0.000049206
0.000049305
0.000049404
0.000049502
0.000049602
0.000049701
0.0000498
0.0000499
0.00005
0.0000501
0.0000502
0.000050301
0.000050402
0.000050503
0.000050604
0.000050705
0.000050806
0.000050908
0.00005101
0.000051112
0.000051215
0.000051317
0.00005142
0.000051523
0.000051626
0.000051729
0.000051833
0.000051937
0.000052041
0.000052145
0.000052249
0.000052354
0.000052459
0.000052564
0.000052669
0.000052774
0.00005288
0.000052986
0.000053092
0.000053198
0.000053305
0.000053411
0.000053518
0.000053625
0.000053733
0.00005384
0.000053948
0.000054056
0.000054164
0.000054273
0.000054381
0.00005449
0.000054599
0.000054709
0.000054818
0.000054928
0.000055038
0.000055148
0.000055259
0.000055369
0.00005548
0.000055591
0.000055702
0.000055814
0.000067493