0.000994018
0.000999
0.00099905
0.0009991
0.00099915
0.0009992
0.00099925
0.0009993
0.00099935
0.0009994
0.00099945
0.0009995
0.00099955
0.0009996
0.00099965
0.0009997
0.00099975
0.0009998
0.00099985
0.0009999
0.00099995
0.001
0.00100005
0.0010001
0.00100015
0.0010002
0.00100025
0.0010003
0.00100035
0.0010004
0.00100045
0.0010005
0.00100055
0.0010006
0.00100065
0.0010007
0.00100075
0.0010008
0.00100085
0.0010009
0.00100095
0.001001001
0.001001051
0.001001101
0.001001151
0.001001201
0.001001251
0.001001301
0.001001351
0.001001401
0.001001451
0.001001501
0.001001551
0.001001601
0.001001651
0.001001701
0.001001752
0.001001802
0.001001852
0.001001902
0.001001952
0.001002002
0.001002052
0.001002102
0.001002152
0.001002202
0.001002253
0.001002303
0.001002353
0.001002403
0.001002453
0.001002503
0.001002553
0.001002603
0.001002654
0.001002704
0.001002754
0.001007528