1.26005984
1.53904056
1.54212172
1.54520905
1.54830256
1.55140227
1.55450818
1.55762031
1.56073866
1.56386326
1.56699412
1.57013124
1.57327465
1.57642435
1.57958035
1.58274267
1.58591133
1.58908632
1.59226768
1.59545540
1.59864950
1.60185000
1.60505691
1.60827023
1.61148999
1.61471620
1.61794886
1.62118800
1.62443362
1.62768573
1.63094436
1.63420952
1.63748121
1.64075945
1.64404425
1.64733563
1.65063360
1.65393817
1.65724935
1.66056717
1.66389163
1.66722274
1.67056052
1.67390499
1.67725615
1.68061401
1.68397861
1.68734993
1.69072801
1.69411285
1.69750447
1.70090287
1.70430808
1.70772011
1.71113897
1.71456467
1.71799723
1.72143666
1.72488298
1.72833620
1.73179633
1.73526339
1.73873739
1.74221834
1.74570627
1.74920117
1.75270308
1.75621199
1.75972793
1.76325091
1.76678094
1.77031804
1.77386221
1.77741349
1.78097187
1.78453738
1.78811003
2.16227133
