987.205959
992.154349
992.203958
992.253570
992.303184
992.352800
992.402419
992.452040
992.501664
992.551291
992.600919
992.650551
992.700184
992.749821
992.799459
992.849101
992.898744
992.948390
992.998039
993.047690
993.097344
993.147000
993.196659
993.246320
993.295983
993.345649
993.395318
993.444989
993.494662
993.544338
993.594017
993.643698
993.693381
993.743067
993.792755
993.842446
993.892140
993.941835
993.991534
994.041235
994.090938
994.140644
994.190352
994.240063
994.289776
994.339492
994.389210
994.438931
994.488654
994.538380
994.588108
994.637838
994.687571
994.737307
994.787045
994.836786
994.886529
994.936274
994.986023
995.035773
995.085526
995.135282
995.185040
995.234800
995.284563
995.334329
995.384097
995.433867
995.483640
995.533415
995.583193
995.632974
995.682757
995.732542
995.782330
995.832120
995.881913
1000.623605