19305328
26200088
26269035.6
26337983.2
26406930.8
26475878.4
26544826
26613773.6
26682721.2
26751668.8
26820616.4
26889564
26958511.6
27027459.2
27096406.8
27165354.4
27234302
27303249.6
27372197.2
27441144.8
27510092.4
27579040
27647987.6
27716935.2
27785882.8
27854830.4
27923778
27992725.6
28061673.2
28130620.8
28199568.4
28268516
28337463.6
28406411.2
28475358.8
28544306.4
28613254
28682201.6
28751149.2
28820096.8
28889044.4
28957992
29026939.6
29095887.2
29164834.8
29233782.4
29302730
29371677.6
29440625.2
29509572.8
29578520.4
29647468
29716415.6
29785363.2
29854310.8
29923258.4
29992206
30061153.6
30130101.2
30199048.8
30267996.4
30336944
30405891.6
30474839.2
30543786.8
30612734.4
30681682
30750629.6
30819577.2
30888524.8
30957472.4
31026420
31095367.6
31164315.2
31233262.8
31302210.4
31371158
37921180