0.00099402
0.00099900
0.00099905
0.00099910
0.00099915
0.00099920
0.00099925
0.00099930
0.00099935
0.00099940
0.00099945
0.00099950
0.00099955
0.00099960
0.00099965
0.00099970
0.00099975
0.00099980
0.00099985
0.00099990
0.00099995
0.00100000
0.00100005
0.00100010
0.00100015
0.00100020
0.00100025
0.00100030
0.00100035
0.00100040
0.00100045
0.00100050
0.00100055
0.00100060
0.00100065
0.00100070
0.00100075
0.00100080
0.00100085
0.00100090
0.00100095
0.00100100
0.00100105
0.00100110
0.00100115
0.00100120
0.00100125
0.00100130
0.00100135
0.00100140
0.00100145
0.00100150
0.00100155
0.00100160
0.00100165
0.00100170
0.00100175
0.00100180
0.00100185
0.00100190
0.00100195
0.00100200
0.00100205
0.00100210
0.00100215
0.00100220
0.00100225
0.00100230
0.00100235
0.00100240
0.00100245
0.00100250
0.00100255
0.00100260
0.00100265
0.00100270
0.00100275
0.00100753